2
17 83 8 0
0 2 9
0 3 8
0 4 7
0 5 3
0 6 1
0 8 8
0 9 7
0 11 3
0 13 0
0 14 9
0 16 4
1 4 8
1 5 0
1 6 4
1 7 1
1 8 0
1 9 4
1 10 3
1 11 3
1 12 3
1 13 6
1 14 9
1 15 4
1 16 0
2 3 7
2 4 7
2 5 0
2 7 3
2 8 0
2 9 4
2 10 5
2 11 1
2 12 3
2 14 1
2 15 8
2 16 4
3 4 6
3 5 4
3 6 2
3 7 3
3 12 7
3 13 1
3 14 5
3 15 5
3 16 1
4 5 9
4 7 9
4 9 4
4 10 5
4 11 9
4 15 8
5 6 6
5 7 4
5 9 6
5 10 3
5 11 6
5 13 0
5 14 1
5 16 3
6 8 5
6 9 4
6 11 9
6 12 7
6 13 0
6 14 1
6 15 5
6 16 6
7 8 8
7 9 7
7 10 9
7 12 0
7 13 4
7 14 5
7 16 2
8 9 7
8 11 3
8 13 6
8 14 4
9 10 8
9 11 9
9 16 4
10 11 4
10 12 4
16 93 7 11
0 2 0
0 3 8
0 4 1
0 5 4
0 6 1
0 7 2
0 8 8
0 9 3
0 10 2
0 11 2
0 12 3
0 13 0
0 14 5
0 15 6
1 2 4
1 3 6
1 4 9
1 5 4
1 6 6
1 7 0
1 8 0
1 9 1
1 12 2
1 13 6
1 14 8
1 15 5
2 3 2
2 4 9
2 5 4
2 6 9
2 7 3
2 8 4
2 9 2
2 10 9
2 11 4
2 12 7
2 13 3
2 15 4
3 4 6
3 5 8
3 6 9
3 7 8
3 8 7
3 9 2
3 10 0
3 11 0
3 12 4
3 13 4
3 14 3
3 15 7
4 5 5
4 6 4
4 7 0
4 8 3
4 9 0
4 11 8
4 12 3
4 13 8
4 15 8
5 6 1
5 7 3
5 8 1
5 9 0
5 11 8
5 12 3
5 14 1
5 15 7
6 7 3
6 8 0
6 9 9
6 10 3
6 11 5
6 12 6
6 13 8
6 14 8
6 15 1
7 8 4
7 9 5
7 10 2
7 11 7
7 12 9
7 13 2
7 14 5
7 15 3
8 9 4
8 10 6
8 11 7
8 12 1
8 13 7
8 14 0
8 15 0
9 10 1
9 11 2