20
19 19
23 39 19 25 43 8 35 49 21 38 15 25 21 14 21 23 39 27 34 
20 20
19 36 8 35 43 34 50 16 21 2 46 8 14 10 22 50 18 42 6 3 
20 15
29 42 46 1 34 7 16 27 18 49 39 6 13 39 36 30 31 32 43 29 
20 1
50 50 50 50 50 50 50 50 50 50 50 50 50 50 50 50 50 50 50 50 
19 15
19 21 19 35 48 25 5 45 2 31 40 46 16 13 16 36 4 10 24 
18 10
24 45 1 4 10 30 50 37 23 49 8 6 31 15 13 31 36 44 
20 1
0 0 0 0 0 0 0 0 0 0 0 0 0 0 0 0 0 0 0 0 
2 1
2 2
10 11
1 2 3 4 5 6 7 8 9 10 
20 1
0 0 0 0 0 0 0 0 0 0 0 0 0 0 0 0 0 0 0 2 
20 2
18 36 19 6 47 3 33 2 11 27 25 48 42 38 38 36 44 27 14 8 
20 1
1 1 1 1 1 1 1 1 1 1 1 1 1 1 1 1 1 1 1 1
18 6
27 0 48 28 9 44 42 23 34 37 13 29 18 7 6 28 30 37 
18 17
9 27 48 38 12 10 4 39 17 19 22 4 1 24 22 20 19 18 
18 2
26 24 7 5 2 45 35 39 5 14 41 5 48 13 11 20 29 18 
18 5
23 45 33 46 21 47 41 25 12 42 46 19 31 48 24 36 49 4 
19 10
47 31 22 5 0 49 10 29 38 22 40 0 24 46 1 23 19 2 36 
4 1
2 7 5 14
18 4
37 23 15 44 9 3 47 15 29 50 40 16 14 34 45 28 45 40 
19 20
29 1 14 31 2 43 30 38 27 9 16 33 49 34 29 37 41 29 10 
