50
12 2164 5612 3068 6889 9611 3814 1139 4786 9207 7664 308 8947
63 9601 5012 1350 6432 9670 5845 9366 5182 2444 4664 4437 7265 1193 5194 7699 8181 1237 2923 5478 9391 1114 9863 210 7631 5370 7776 1756 8535 2893 3983 1374 5048 7577 6835 6413 4835 9844 4793 4301 1512 5704 4396 2794 4773 8154 4010 4154 9566 7604 5403 8321 8358 1919 9879 3600 964 755 8357 5859 5293 4896 6923 1210
55 5810 8429 3145 8694 6982 2428 9306 9818 5921 8732 4188 8765 4454 7406 8297 2444 7671 1340 2275 69 4941 4935 6499 3012 6304 7274 8194 1682 2806 777 7410 8665 3767 3099 4864 5214 6785 1989 1837 4771 4378 3679 1639 9988 8320 1411 8168 4241 8335 6280 8224 8135 4870 6115 3333
19 6672 9276 2556 5197 3584 4960 9771 7007 2956 4538 4149 635 7905 9991 4059 380 4824 3016 993
94 7083 5746 5008 2351 8602 7269 3579 1229 1519 4885 8929 8916 6637 8668 8742 389 5993 8399 2094 798 9410 1391 2620 6144 5934 7817 6455 9549 6340 7579 9570 512 9637 9737 2402 1976 4389 3926 5646 9328 927 4840 2033 9495 8842 1424 1074 77 1503 1018 8026 4826 4363 8663 433 8719 4840 6747 5305 3625 9085 3414 8638 8434 8058 9074 8925 3713 9468 533 6896 9526 2846 3574 3742 3495 4243 5923 1628 9725 4747 4553 18 5489 9842 9474 8294 7984 1625 1847 6656 9242 4845 6691
84 1437 5941 5686 4913 8058 3484 416 4725 4206 370 1595 5362 5323 3427 1448 3079 6666 1418 3459 8491 2087 352 1027 1463 7714 8695 6376 4271 6112 4364 8055 9788 2296 533 345 9998 8514 4110 5356 8323 759 7032 7064 2210 5564 274 5329 5415 8287 676 6285 8534 9011 2157 7974 9086 6698 306 1783 3318 1041 2385 7924 1417 190 5004 5688 1495 4868 667 5789 2833 2193 4350 5875 8931 2681 9390 6186 1755 1022 7855 8514 4785
11 2557 8864 2189 401 754 685 377 9005 6159 3513 917
67 1410 8978 8345 2879 2662 7481 7220 4781 8614 633 2161 9074 2810 3996 5395 4283 3684 5837 4432 2309 7416 9441 4996 5115 4822 4295 2004 9354 6016 9034 5104 6248 8662 1960 6531 1608 1867 1219 8343 9834 537 9084 7018 6499 6716 9049 1002 3920 7249 1282 7624 6600 7212 5150 8000 7413 5191 9753 9997 9607 7790 3031 4802 3379 1904 1156 2548
44 5686 7557 4323 9122 2327 7613 8496 2952 7573 4429 4285 1841 8386 6196 9848 6566 5876 7494 5250 9493 157 3119 9447 2138 9143 731 3044 5482 9684 6300 1418 1693 7186 4395 7066 3152 9285 3219 1101 7775 4540 9297 6616 2728
64 3457 1572 1638 3982 7790 3857 8599 9977 4704 3818 5377 8251 8069 7867 4200 9525 1883 8095 1572 5069 2913 2422 9529 6813 5302 3717 2462 8952 7910 7262 194 8539 9364 7135 1 7747 9860 6410 4685 611 7940 2293 1376 2751 4828 2800 3935 3489 8277 593 1354 3234 9833 5405 5393 4122 3400 5563 5924 6517 191 2310 3522 9553
43 3593 2695 8230 3747 366 7305 6349 6418 4495 27 1606 9781 733 244 3130 2255 7534 4024 3436 5341 3912 4672 3826 2156 806 1707 3541 8752 5170 1792 2047 924 798 4655 2829 1095 2202 6768 9788 9114 3704 1699 1065
90 1609 3668 6103 6687 3989 3368 3211 6836 5783 963 1200 290 3354 9294 8966 306 3744 2982 8852 6231 1686 6802 9275 7911 1304 2853 6533 5898 972 494 2177 3360 89 7499 4179 9682 6093 8560 8730 4027 3696 1183 4765 2267 8774 1688 5936 3508 965 4215 1442 7374 2 5182 8334 3584 5282 4896 4747 6191 6233 2322 1712 6510 7140 3831 1099 4829 3217 7402 2136 6606 9677 6638 3807 2476 8654 1199 4219 8172 6206 7182 4585 7121 8989 8263 6206 5240 2094 3736
90 5021 6314 2953 3800 6521 4100 8572 4756 1084 9737 6108 2793 7695 2733 7212 7546 5018 4032 603 8683 4352 2224 8159 4221 8673 9439 1051 4455 7954 1483 9048 9113 4088 922 8911 4167 6021 6681 8675 5409 9752 8105 7642 5427 2974 3928 5984 537 3949 6167 5677 6158 375 1566 6663 9127 8575 8603 9617 4216 7187 8771 3122 8424 6422 2658 5271 7125 5190 3447 1664 3731 465 9502 996 7911 4121 1127 198 9638 3472 1965 4282 9912 6668 7195 6303 5176 5316 901
11 4375 8386 1455 8727 7429 4769 7758 314 3202 9587 7095
66 5657 4276 4641 7434 7903 8486 6449 4744 8974 9554 4361 7137 3308 2572 1946 8933 3355 4806 5490 7466 1837 8002 2818 1132 5557 6721 6585 5 7480 3023 2460 8617 3889 521 4017 8895 5536 2825 2204 2312 7493 372 9980 1700 7635 6226 4792 8436 3984 8469 528 22 4936 1154 612 4432 3008 5300 9539 7426 6001 5688 8428 7125 2653 256
37 4240 9371 8588 1655 4622 9281 8535 4681 9407 4958 9884 3549 2553 507 8439 9389 8968 6032 6061 1056 3827 2639 5 7735 9750 4092 9575 6359 5395 1144 8908 5933 9466 7109 3388 9980 6287
14 5930 8824 7481 738 5533 2502 2157 1120 8557 9643 2621 8587 8749 3172
88 7932 2912 6646 3571 5397 4493 7801 9822 8377 9038 3283 9286 9082 3116 2115 5116 8904 1965 6351 1259 8955 6680 3243 5142 9052 4336 7807 9067 559 4450 1942 1153 8154 2890 5069 8999 1658 8910 8631 6784 2623 7828 9201 7803 559 1479 9460 9196 7036 7387 4002 1017 635 7073 7645 6818 64 5313 8563 3827 8915 2500 7118 8472 141 3822 7976 277 8126 1048 2240 2915 5766 5663 6978 4588 8115 5914 1516 1576 7367 5130 3204 7109 4633 8244 9487 5879
29 7691 9634 6681 6400 539 6410 7948 1975 2417 5536 3668 2829 1553 1950 1159 1250 3290 6027 5858 795 933 5562 6549 738 9644 4326 8340 1451 5618
69 4391 8337 651 9647 4181 2632 1165 602 3565 4313 9743 7530 4573 5022 5417 208 392 1905 4542 481 9056 7180 298 1432 7948 9218 8333 7521 1479 2069 1561 4796 5160 5934 3444 5440 3472 6508 3840 5750 5272 7012 4827 1652 3170 5982 1710 4825 9901 3266 7024 2463 4989 2379 6705 3761 1628 9882 8793 9020 5364 3909 712 8803 7217 4985 9264 1506 8788
41 508 5494 3597 5298 282 6721 1784 9980 4856 1684 5949 6919 8178 3931 6922 439 908 607 7865 454 7262 3286 4046 8070 5365 7553 1768 3868 6073 9716 4033 2819 5704 6978 4114 9587 9216 9371 6925 2388 7807
80 2509 1298 7992 7962 8147 169 4056 599 9517 1007 9458 2197 2058 9842 6121 6136 9648 8863 4460 7412 1710 4569 1794 1123 6122 1195 1254 2181 9489 7160 821 3330 6360 2455 3344 2557 2500 2229 4663 9930 9528 5502 6568 42 9075 229 682 9417 5644 1717 4389 5114 2 944 6096 5443 6531 7679 9748 2390 3108 1746 8290 591 9141 5296 9402 5293 1528 5426 1765 7597 8562 193 1210 4724 5492 8978 7995 6517
86 2505 7609 7229 9448 8465 5228 2833 2534 7669 5102 6119 7447 8287 3603 2705 6645 1105 353 2305 5244 549 1511 2203 2436 805 602 8195 2459 9169 8525 7809 7752 7437 1715 4310 1703 1536 5732 3562 6920 4795 1475 1644 6981 3759 6765 3865 8294 3943 901 8295 1524 813 630 8745 9414 9453 7024 3157 9715 5311 7913 4159 968 2396 5131 5335 9546 5661 9744 7245 7789 746 9162 6789 7515 2669 3138 9801 1571 7265 5036 4523 7132 1678 3292
26 8303 4638 4205 2259 638 8706 2970 3877 2464 5994 1815 9940 2512 6357 8943 5119 1210 6550 9848 2771 4037 3757 3283 3673 7778 176
54 1765 2629 1284 8205 7399 6784 5352 6933 3172 5495 2747 7125 3620 6640 3763 5782 7256 3435 7435 3143 2268 8774 5058 2791 9522 7953 4133 2420 9607 8763 2060 9108 4316 7564 9113 4674 1467 1340 3771 4948 4209 3514 6366 2969 4402 7139 1150 2627 9871 6098 1584 9532 8226 9183
10 7748 3334 7699 4105 7435 8025 3419 6940 8233 4966
47 6018 104 9518 9334 8195 410 5071 9754 1698 8316 9263 5291 2013 8545 4121 8151 1163 6173 4703 6141 5100 853 6237 2558 8211 5581 3125 5527 7185 9097 4702 5961 5284 6828 4728 6173 3558 5341 4962 3465 125 7440 7206 5735 1986 5860 3031
8 9936 7594 5690 2578 4339 8850 5842 4181
13 7057 3787 6847 8758 7897 3434 7402 5253 6777 2997 1367 8657 8544
100 6953 5486 1244 4517 3278 6408 4039 2566 6599 6962 5726 717 807 6323 4141 3979 8565 166 1877 1735 4383 8383 1362 3765 4286 4146 7476 8303 3214 4643 6611 6083 440 9658 1951 3251 2705 2368 2250 9025 3083 8155 9569 6354 3953 2815 4634 7015 3678 6237 5230 6012 7878 9905 4350 6507 8790 6661 6733 6546 8766 1824 5313 7816 382 2004 4914 7136 3429 6409 4748 7596 3540 1093 229 9519 4484 5447 1184 1982 161 4544 5566 4525 3344 9728 1381 9593 273 5003 5220 5323 8822 3184 2022 5624 490 6777 7650 9360
29 7120 9995 9600 2627 7061 1522 1004 8369 3705 4717 3531 6793 5184 2812 756 7351 7780 6119 5432 9135 7197 6720 8472 494 5509 9552 7735 7314 8098
62 1690 5292 3080 8279 4174 7035 6493 9377 3896 9484 3179 6386 9944 9101 9564 326 7325 6587 449 5862 4855 3684 228 936 5234 9149 1949 1282 9504 1394 7104 3663 5671 5758 1020 9166 5579 5952 1839 804 7355 6328 4035 4110 900 9564 6302 9077 1905 4177 1309 1627 7424 8099 3031 2411 9795 9337 1995 7148 5647 3347
72 2723 162 4967 5840 2416 9521 46 3387 8353 1548 2399 1152 7510 236 9872 9492 7408 1716 1032 6679 432 4070 4604 1601 3914 867 4381 5088 908 4647 4770 7021 7644 1520 122 328 1572 6228 4017 4506 2219 9931 4616 6816 6345 8219 4670 7357 5955 2096 4533 3402 8927 2871 242 8731 1235 7232 7150 4033 7458 892 3543 2365 9963 3549 4927 17 1175 9459 129 6577
12 7040 4816 4809 6939 8641 4372 4342 1136 9331 4902 6943 802
81 2796 5739 9176 4880 6375 3905 5960 3443 7854 1488 8386 6641 2051 5293 4168 1634 9886 5792 8366 8251 5547 3962 1008 7661 4668 3945 5292 9102 6855 9347 9169 9715 2155 8667 2039 7613 2681 228 8179 9469 1465 4056 6815 5316 3887 5968 4271 7886 1533 7518 7583 3782 8516 7485 6589 4935 118 3521 1421 5926 4701 9829 6764 6667 1960 1279 4088 1773 2527 5309 3882 9492 9527 4426 2368 3585 8246 7489 3214 5182 9203
69 1717 8168 1868 5866 4236 8795 5489 9452 2318 4198 7901 1043 7633 2459 6931 6605 4418 863 1479 8599 2463 7742 9540 498 8293 6618 6508 7335 3778 4049 9631 3511 6245 2224 6988 8657 8402 8879 1115 4774 7775 3422 7274 8193 5830 4552 4545 2105 2385 6159 2079 7734 6072 8470 1465 4901 8697 2620 9619 5520 5255 6834 83 2091 5445 5688 1804 7928 6562
100 3825 5361 8039 6511 4702 2990 7311 5670 3099 7904 508 8392 8752 5343 5062 706 9627 4517 6316 9723 4586 2023 8343 6905 7378 182 7906 5423 2019 5699 6144 8306 1429 8045 2389 3857 9745 3197 5225 8069 3297 9797 8342 5865 5221 9032 9081 6943 2275 4763 5898 5619 1189 7916 3717 4370 2802 685 3984 7907 924 7718 9128 3527 5972 5902 3421 3239 5779 3572 8197 9815 2775 4194 4855 5812 3066 1842 2938 6278 2727 9527 2102 9930 5848 2438 8140 3567 4170 5437 6779 7849 2811 4098 1825 9095 4983 3970 5347 1066
67 475 4944 5110 8859 9409 7106 8295 2716 1363 639 2983 7687 3894 6201 7187 4495 9081 1636 1011 7114 9664 7660 1472 9704 8819 9669 4647 2002 5998 15 5367 727 4386 6226 9979 1748 9056 5310 9095 4062 5243 1648 3298 4692 1824 9699 5748 7524 6573 6219 6372 2522 2437 1522 2585 9618 5218 9971 2724 5987 2128 1735 6602 4645 284 8199 8093
68 6968 9598 4321 5195 3902 698 2057 9614 9030 6806 7545 1241 2808 5349 545 2928 3879 872 9535 4248 3259 139 853 386 9042 8954 3949 7928 9095 5713 7195 511 1977 8914 2016 4277 9499 660 5426 3006 9902 4285 5527 9656 2313 4532 6796 7889 545 4194 368 8422 454 5682 5286 9343 3446 9051 4566 3216 3466 9845 1329 4399 2546 7690 2327 4144
9 9980 101 146 6026 4159 4024 2426 5562 9775
21 5830 4136 6425 282 578 5292 4443 6601 4197 430 6435 9788 3875 8990 964 2667 6740 2824 3129 3362 2710
75 5635 5134 3367 8995 975 488 3110 8456 6327 3619 9261 3851 8641 5575 5227 2845 1607 2880 1414 4992 8997 7595 2693 3689 6574 9107 631 1383 3424 1840 6197 6516 2436 4954 6685 8801 6070 8857 9461 6895 4941 5854 8981 2083 9129 4480 7873 5725 1537 1211 1676 2456 9613 8135 1207 5782 8263 9799 7322 8981 9939 3746 6184 4614 3205 9710 9976 353 4422 5664 842 7918 8471 8209 8745
56 9082 8346 9996 9789 1858 3534 1190 7683 9522 6676 3511 3017 1388 7637 9932 3166 2525 9549 7810 161 2954 9232 3042 8864 3340 9428 7692 6910 8030 722 3605 3838 1481 5678 4184 9543 4691 3048 7034 1602 1375 5936 8517 9887 971 291 8636 3928 119 2211 8026 4589 4731 1234 5081 8545
77 1124 6361 3385 4816 1785 5398 995 7741 8496 384 9049 9557 3083 2803 7760 6045 926 635 8772 588 7475 4803 2274 9732 2398 3696 1518 7025 7303 4270 7083 4140 4711 6428 9410 3990 4095 7973 4358 7942 4486 550 8983 1803 418 4949 1010 7025 5857 6 1031 6052 2006 8192 6489 6411 401 4918 9078 5239 8886 7953 6644 88 8745 211 1472 7476 641 6837 8616 8835 7957 9481 6774 1255 2228
94 1633 6096 2382 4060 3515 5945 9691 986 7079 3854 1583 2934 1638 476 5604 44 4766 4544 8198 8093 938 4720 4551 1815 7323 7463 8885 2181 135 7705 3344 4575 4053 7318 2046 3915 5524 2127 1469 897 6046 2867 3544 7000 4757 2524 5225 8115 7051 4133 1796 470 3395 3370 7251 815 2011 1954 2279 3777 4494 6416 6988 1833 4101 8491 9556 998 588 3412 9878 5860 1502 7692 8197 9150 506 1417 4500 1801 1096 5045 5525 6633 9182 8161 2759 8145 2533 2816 2400 3871 5205 123
40 4931 402 398 9614 540 566 3962 5542 9407 9139 6262 7043 6152 1564 438 309 1826 8913 304 5687 1340 3325 374 8059 1141 4504 1889 1502 107 9931 3862 3831 3382 2836 3594 787 8046 2543 6043 7515
23 5530 1885 8199 5246 8379 6700 9836 7807 478 1750 9906 7309 3032 3921 1203 3100 3363 4867 8455 2579 5193 6612 7759
76 7562 6689 6170 7089 3834 9268 1954 7520 7577 4751 6406 3801 4921 8963 2921 3606 294 8559 7959 4059 6429 7560 1887 1972 5831 8185 7460 6995 1620 6314 9986 4278 1730 3897 5543 3529 4206 8083 3540 9114 5157 8499 8474 6207 4669 7840 8349 9296 3324 821 1781 6191 5840 1832 7668 7709 9341 759 398 2885 6505 446 3054 8545 9839 7673 8533 2226 3822 7707 8683 3013 3869 494 5395 6526
62 7303 5738 2343 180 9140 7378 9651 6215 9565 5740 290 9420 8959 2836 254 8449 4122 6852 5673 5374 9359 158 963 3841 4053 9335 5380 3243 3914 3447 2565 6162 88 7555 421 5282 9892 9573 6408 7720 1504 6166 6853 9116 3615 2357 6958 4403 4640 517 6614 2298 7008 3331 7813 792 934 320 7032 3931 1457 8691
90 4147 4483 7957 3833 2322 7125 7044 5441 3796 8688 3826 6807 1857 8238 9727 8490 8995 4464 6644 4209 1740 9607 2654 15 2922 1459 7680 6125 7910 4792 2243 6102 7677 2192 871 4475 6086 3989 1815 7869 4518 8519 8681 2135 3192 8888 6277 1046 7787 3995 9128 2942 1253 974 7230 3020 2555 3763 852 9328 7812 1126 9652 8357 2435 2941 1358 3979 5079 5493 1922 2145 317 599 8179 6777 383 3735 6838 3063 5368 2869 7232 5546 2424 2004 1526 5738 5170 2772
