200
8 1
0 0
23 21
0 0
57 43
0 23
5 19
7 30
35 45
36 47
0 0
46 43
4 34
8 25
0 0
94 66
3 65
5 31
7 57
21 57
31 69
39 51
0 0
14 1
7 13
12 13
0 0
37 6
9 31
19 25
25 26
26 31
26 36
0 0
92 18
0 38
1 10
1 62
2 39
4 39
6 27
7 78
10 24
11 19
11 52
12 42
13 16
15 18
15 28
16 81
17 34
17 37
18 55
22 69
24 32
26 62
27 68
28 81
30 59
32 63
33 42
37 84
40 77
40 87
41 56
52 77
54 67
54 75
58 84
0 0
87 23
1 20
1 36
5 54
13 52
14 76
18 79
19 33
23 75
26 33
28 77
33 64
33 80
36 47
36 84
55 70
55 81
62 67
0 0
17 3
0 0
36 26
3 27
15 24
17 32
18 26
19 33
0 0
17 14
0 16
5 11
0 0
71 35
16 30
23 56
27 31
29 37
45 70
64 66
0 0
93 47
2 27
2 51
2 77
5 60
6 57
10 61
11 20
12 54
13 40
13 54
13 55
14 77
16 23
17 43
17 46
20 90
21 77
23 44
23 92
29 51
30 59
30 78
38 82
40 69
42 49
46 65
47 65
50 90
51 60
52 63
54 58
54 73
62 72
63 81
72 80
85 86
0 0
69 33
0 14
0 38
1 20
3 56
4 52
5 66
6 38
6 47
6 52
6 53
7 67
9 53
10 47
11 52
12 43
14 29
15 25
16 24
19 49
21 61
24 53
24 62
34 52
34 60
38 40
43 56
43 63
46 56
49 56
0 0
13 11
2 8
0 0
38 20
2 32
16 22
20 25
26 33
0 0
61 52
4 60
15 46
18 32
19 27
24 53
0 0
48 35
7 19
0 0
93 88
0 82
1 23
5 35
11 82
17 20
18 21
20 67
21 23
22 39
25 42
30 75
31 61
33 65
34 60
34 86
35 66
35 72
37 76
37 90
41 69
48 64
51 71
58 62
70 87
71 74
73 78
77 83
83 84
84 87
0 0
33 1
1 6
3 9
9 14
16 31
20 28
25 28
0 0
99 21
3 5
6 23
18 86
35 37
70 71
0 0
91 14
1 19
3 71
4 45
7 13
12 68
13 83
14 65
15 44
16 35
18 33
19 56
23 53
31 67
32 38
41 69
50 54
68 69
0 0
87 13
4 43
8 80
9 42
13 86
17 53
17 57
20 77
23 35
36 70
44 49
44 64
57 81
0 0
73 20
0 61
4 28
6 72
7 17
8 36
9 15
10 68
12 20
12 22
12 26
13 23
13 62
16 29
17 43
19 59
21 28
21 48
23 52
23 54
25 35
26 47
27 45
27 68
29 50
37 52
38 46
44 69
54 55
54 70
55 58
55 61
59 66
0 0
29 2
6 11
16 17
21 26
0 0
94 74
0 82
9 70
9 71
9 77
10 59
10 85
12 48
16 39
17 33
18 61
18 79
20 46
20 82
23 49
24 31
24 73
27 34
27 42
39 86
44 48
54 60
54 84
56 72
59 88
60 64
65 73
70 82
0 0
18 13
4 9
0 0
54 24
1 11
5 20
8 32
20 30
0 0
75 41
8 60
14 59
50 74
60 61
0 0
18 5
0 0
94 72
9 32
10 45
16 60
28 54
28 71
34 42
53 83
0 0
92 23
1 42
2 30
5 69
5 73
6 52
7 45
7 90
8 77
11 67
11 75
12 58
14 57
15 69
17 36
18 49
18 66
19 23
20 30
24 37
24 42
25 61
27 67
31 44
35 44
37 69
50 53
52 80
56 82
57 83
68 80
68 83
70 72
71 77
0 0
41 3
1 37
18 36
25 27
32 33
0 0
21 7
1 11
16 20
0 0
30 9
18 26
0 0
33 21
13 15
19 22
20 25
25 27
0 0
11 6
0 0
40 14
2 5
2 20
3 19
8 14
8 34
14 15
14 28
15 21
22 35
0 0
36 26
2 23
4 26
8 24
0 0
36 17
1 2
0 0
8 2
0 0
35 13
3 19
8 27
10 11
12 26
17 25
19 31
0 0
25 21
0 0
42 36
1 6
1 41
2 29
6 26
7 37
9 22
11 24
14 22
16 29
16 35
20 33
22 38
26 27
36 38
0 0
85 9
0 29
3 38
4 68
9 49
10 31
12 63
14 15
22 83
26 67
29 39
31 60
39 84
41 68
47 81
51 65
52 67
65 73
69 72
71 72
72 81
0 0
4 2
0 0
3 0
0 0
2 1
0 0
86 59
0 62
11 48
14 55
16 52
18 79
20 75
36 55
38 48
40 75
41 57
46 56
47 75
48 84
54 71
55 70
64 72
66 85
68 81
0 0
57 1
1 41
7 40
20 50
20 52
24 45
27 37
50 51
0 0
94 36
1 45
1 78
4 83
6 21
6 91
8 57
9 21
13 52
14 57
23 49
27 71
29 79
33 43
33 72
34 76
37 75
42 58
46 60
46 92
57 88
60 62
70 85
71 72
78 81
81 85
0 0
12 7
0 0
13 2
0 0
41 10
1 21
3 25
4 25
7 34
17 18
23 25
0 0
52 3
0 43
1 49
4 13
7 51
14 27
17 27
26 46
0 0
57 34
3 6
6 36
8 34
10 26
11 36
15 23
19 20
30 54
33 50
39 47
39 49
0 0
96 67
4 6
5 79
6 47
24 89
28 51
29 51
32 67
33 52
36 66
36 93
37 85
37 94
45 58
54 68
58 86
67 88
76 82
84 87
87 91
91 95
0 0
92 7
0 86
1 11
1 17
3 78
4 52
5 13
5 50
7 82
7 84
9 36
10 40
11 46
11 47
12 56
13 79
14 68
15 48
15 67
19 51
19 71
20 51
21 77
22 83
25 65
29 77
29 84
30 84
31 49
31 85
34 47
36 49
39 63
39 65
44 52
49 88
59 78
62 86
69 72
82 90
0 0
48 16
2 12
14 44
0 0
88 24
1 28
2 86
7 12
7 68
27 67
34 48
34 63
35 38
52 57
72 78
0 0
8 3
0 0
43 8
1 5
9 40
15 20
24 36
0 0
15 7
1 12
6 13
0 0
4 0
0 0
49 4
5 17
8 28
9 11
30 40
31 39
0 0
85 26
0 70
1 76
10 20
10 60
13 84
14 31
15 24
18 74
21 61
22 28
24 65
28 36
29 79
31 73
34 80
35 45
38 71
39 46
41 57
42 50
47 82
57 78
58 59
0 0
30 7
2 23
4 11
5 18
9 17
13 14
18 22
20 21
0 0
2 0
0 0
53 17
0 22
1 38
2 4
4 42
5 15
7 14
10 21
20 31
22 38
25 46
26 49
43 49
0 0
58 55
23 24
23 27
31 52
32 46
0 0
78 51
1 67
2 13
8 32
9 49
11 29
12 14
15 52
17 43
19 36
24 25
25 69
25 73
28 61
28 70
30 70
35 56
44 64
45 63
0 0
29 21
1 13
2 26
11 18
0 0
26 19
2 5
5 24
18 23
0 0
3 2
0 0
56 21
1 51
2 41
21 30
0 0
4 3
0 0
60 15
0 54
2 35
3 11
4 5
5 38
13 42
22 50
29 36
32 52
36 45
0 0
66 16
2 10
2 45
9 16
9 18
9 63
11 17
11 62
12 16
16 26
19 43
33 63
41 47
45 62
48 57
52 59
0 0
41 0
3 15
3 38
5 12
9 16
17 39
19 37
22 39
25 29
0 0
83 73
2 11
4 63
4 65
6 42
8 21
9 68
11 63
13 74
15 18
18 59
20 48
20 81
21 61
26 36
27 71
30 51
31 32
32 78
33 47
39 52
43 73
47 78
49 78
52 77
55 71
57 61
60 69
66 67
66 72
69 72
72 82
0 0
52 35
0 25
0 30
5 22
6 11
14 38
16 36
19 47
22 41
42 48
44 47
0 0
91 88
2 16
2 38
3 38
7 63
18 69
24 87
28 67
31 36
39 44
41 49
48 89
64 71
0 0
52 10
18 24
0 0
45 13
21 37
31 37
34 39
39 43
0 0
21 5
2 20
7 19
8 18
10 15
16 20
0 0
88 64
0 5
0 21
3 49
3 77
7 55
8 59
9 33
21 71
26 68
27 37
31 75
36 58
0 0
89 1
0 32
2 42
6 28
7 54
10 48
17 76
20 25
25 39
27 31
31 64
35 72
36 86
37 44
38 41
38 80
39 47
43 78
45 76
48 64
48 74
50 86
72 82
79 83
0 0
74 40
2 16
6 33
28 61
30 61
55 67
0 0
11 6
0 0
93 58
4 67
5 46
13 42
14 83
18 77
19 68
23 87
33 53
68 82
0 0
73 42
0 48
0 72
3 9
4 53
7 47
7 58
13 49
14 38
16 53
20 38
23 58
25 32
25 46
26 39
26 50
32 35
32 57
34 68
37 41
39 72
41 55
42 68
47 51
0 0
48 19
0 22
10 44
13 46
15 41
16 25
28 39
36 46
0 0
22 18
4 12
0 0
32 10
4 7
0 0
62 22
0 14
5 12
5 17
5 42
5 47
7 49
9 55
10 29
11 24
11 35
11 46
13 52
14 47
19 27
28 35
31 33
32 36
37 43
0 0
56 35
1 51
1 54
10 51
14 43
23 37
23 43
29 32
33 41
38 46
51 55
0 0
90 50
0 37
2 5
9 12
16 20
20 63
22 75
44 87
51 56
65 82
0 0
54 8
3 48
7 42
10 32
11 43
15 27
15 47
17 51
19 53
20 25
23 46
25 44
27 44
28 38
33 43
36 52
39 50
0 0
74 55
1 73
3 9
3 44
5 27
5 70
7 24
13 22
13 28
19 30
21 27
22 33
25 38
26 46
31 37
34 73
35 43
35 44
38 49
49 61
0 0
12 4
0 0
71 62
1 30
1 37
1 54
2 48
3 57
5 10
5 62
9 10
10 28
11 15
12 58
12 69
15 65
16 18
19 55
20 69
22 45
25 64
27 42
27 64
28 30
28 56
30 67
33 50
34 41
42 58
49 50
49 65
49 69
53 55
0 0
7 5
0 0
71 49
1 8
1 60
2 63
3 28
4 63
5 57
9 42
12 27
14 66
17 47
17 57
19 50
21 33
21 36
22 35
23 44
24 70
25 65
26 38
27 28
29 46
30 59
36 41
38 51
44 56
45 55
51 59
64 65
64 66
0 0
92 7
2 40
5 20
7 68
8 88
10 34
10 78
22 46
25 56
28 86
32 87
48 70
53 58
59 65
0 0
43 14
6 11
0 0
94 43
2 79
5 18
10 75
13 37
16 89
20 32
38 51
75 82
76 90
0 0
51 1
4 16
7 43
11 32
12 35
16 41
19 48
20 27
20 35
20 41
22 40
22 45
37 41
0 0
68 25
0 13
1 13
2 28
4 5
7 22
8 38
9 37
11 21
13 59
16 30
17 20
17 38
23 55
39 58
50 53
52 61
61 65
0 0
73 54
2 64
5 22
5 39
6 42
6 51
7 28
8 36
9 65
10 58
11 44
12 15
12 24
13 66
19 22
20 37
22 51
27 44
31 49
36 64
38 51
39 63
44 64
50 65
52 63
53 63
54 62
57 69
0 0
25 14
12 18
0 0
72 29
12 62
15 36
19 54
32 53
0 0
98 88
1 59
1 85
3 45
4 8
6 11
6 23
6 39
7 94
8 17
9 19
9 46
13 38
14 60
19 24
19 74
20 69
20 97
21 29
21 42
22 46
24 42
25 91
28 36
29 46
30 67
34 74
34 90
36 64
38 59
41 79
46 82
50 80
51 64
51 66
54 69
55 71
58 79
59 68
63 94
75 84
0 0
70 16
0 20
1 18
2 3
6 64
8 23
13 14
18 54
20 42
20 56
32 43
44 46
64 69
0 0
81 23
0 19
4 23
7 21
9 80
10 53
15 29
19 53
20 49
23 27
25 51
26 57
27 70
29 70
40 64
44 59
46 72
63 80
70 79
0 0
73 30
0 42
1 13
2 18
2 69
3 58
3 70
5 8
5 69
6 38
7 66
9 34
9 72
11 58
12 55
12 56
13 72
14 46
19 62
22 29
23 70
25 32
30 62
31 39
31 44
35 44
37 71
39 64
42 59
0 0
41 0
0 34
2 22
5 13
19 22
26 34
0 0
43 22
0 15
2 8
2 40
13 19
19 22
21 41
0 0
4 3
0 0
35 1
0 11
1 2
1 11
8 18
14 32
21 24
0 0
49 46
0 0
86 14
1 39
2 49
3 64
8 69
9 85
10 49
15 16
17 66
22 69
24 55
28 32
33 46
50 66
53 72
70 80
0 0
17 8
0 10
3 16
0 0
8 0
0 0
61 52
3 51
5 10
6 51
6 59
10 25
10 43
12 58
13 57
16 22
16 27
18 32
32 47
34 42
44 55
45 59
0 0
62 54
2 50
4 35
16 25
18 19
21 57
56 60
0 0
84 72
0 42
1 81
2 36
5 20
6 51
6 82
7 30
7 71
8 29
10 76
12 47
13 41
14 17
15 51
17 62
18 71
18 73
19 20
28 37
32 55
33 64
35 77
38 45
51 57
51 62
62 65
75 83
77 78
0 0
73 9
15 16
24 55
31 69
35 70
36 68
53 72
59 67
59 72
0 0
18 2
5 10
0 0
48 46
0 17
3 16
5 43
9 45
12 13
13 45
15 44
16 39
17 34
31 36
0 0
45 6
6 36
13 31
18 27
22 26
34 37
0 0
15 6
0 0
8 2
0 0
85 31
2 34
3 76
7 19
8 80
9 15
9 44
10 30
13 19
14 47
14 60
16 44
24 65
25 47
26 37
29 66
30 68
31 45
31 80
38 61
58 60
0 0
73 6
7 65
26 64
0 0
95 81
0 32
0 52
1 88
4 26
4 45
14 50
14 79
15 75
18 22
19 47
23 84
24 53
24 91
26 94
28 70
29 43
29 85
35 75
44 68
47 51
49 52
50 89
52 77
53 67
53 72
56 60
56 67
62 63
62 83
66 92
78 80
0 0
24 16
0 10
6 18
11 21
0 0
47 11
2 14
5 20
9 14
23 24
0 0
56 37
1 38
3 38
3 55
4 14
13 19
14 51
18 22
21 41
23 45
32 38
35 40
35 47
39 51
0 0
47 37
7 33
9 29
10 39
12 24
16 26
19 29
23 43
25 29
0 0
48 4
0 40
2 3
2 27
3 33
11 43
21 23
28 33
42 44
0 0
32 0
0 0
16 14
0 0
23 17
0 0
81 15
0 36
2 79
5 79
6 77
8 42
10 12
10 35
12 19
13 15
16 25
16 45
16 51
16 62
17 35
17 45
17 47
21 68
24 30
25 32
28 65
30 48
33 58
52 54
61 63
67 74
70 75
0 0
71 19
2 15
12 25
13 37
13 46
15 54
19 22
29 47
36 42
38 60
52 59
0 0
68 0
10 31
11 32
0 0
21 1
0 0
42 31
3 7
15 28
19 36
24 29
26 31
0 0
11 0
3 7
0 0
51 7
1 23
3 36
6 35
7 11
9 30
12 18
15 18
15 37
21 33
26 49
33 49
36 40
39 48
0 0
75 69
1 18
4 34
9 73
30 62
35 67
43 50
44 54
47 74
48 51
0 0
32 15
8 16
17 23
18 23
18 30
0 0
86 40
0 38
1 6
1 82
3 28
3 69
3 73
4 33
5 57
6 9
6 23
7 22
7 23
10 20
11 45
13 46
15 41
16 32
17 40
18 32
18 44
18 76
19 23
22 69
24 31
26 35
26 77
27 46
28 79
29 35
31 52
32 79
33 72
34 36
34 56
42 53
49 57
65 82
0 0
43 35
0 31
4 9
4 21
14 28
15 33
15 34
26 30
0 0
93 59
0 73
1 81
4 9
7 82
15 36
18 64
22 56
25 61
29 74
31 56
38 87
43 61
47 90
50 60
55 85
65 69
69 78
75 85
0 0
59 52
5 26
6 9
6 45
17 18
17 35
0 0
66 33
20 56
40 65
0 0
12 4
0 0
64 63
20 33
30 61
0 0
81 18
1 7
5 26
14 69
25 43
26 71
27 69
29 53
45 64
48 67
51 58
56 59
61 67
66 68
0 0
62 19
2 35
21 29
34 38
0 0
39 23
0 20
0 36
2 7
7 11
21 31
22 23
0 0
43 7
8 23
13 26
0 0
1 0
0 0
79 44
0 9
1 2
7 47
8 41
12 68
15 18
16 42
16 43
18 36
25 37
26 45
29 57
34 36
34 67
35 51
36 48
39 75
40 58
42 52
54 64
59 63
60 69
0 0
65 41
1 48
1 55
2 48
3 50
4 27
6 41
9 12
10 21
18 52
19 27
21 58
29 64
31 48
34 38
37 48
48 62
52 60
52 61
0 0
66 3
0 45
0 58
1 5
2 55
5 59
5 63
7 38
12 59
21 47
35 48
46 55
52 61
55 63
0 0
66 51
4 34
6 24
8 60
10 29
13 24
17 65
20 52
23 59
29 63
34 52
39 42
0 0
71 63
1 61
16 25
18 19
22 44
26 54
37 38
0 0
50 33
1 6
3 17
7 24
9 31
13 39
19 46
28 44
30 48
0 0
83 35
3 14
5 44
5 63
8 25
13 48
16 80
18 74
19 36
22 33
22 63
23 28
23 65
28 76
39 76
39 81
43 78
55 82
57 73
61 71
76 82
0 0
25 6
0 3
6 24
20 21
0 0
28 8
0 0
79 71
0 58
3 20
3 42
3 77
5 50
6 53
7 24
10 60
12 20
13 26
13 33
13 46
14 35
15 16
15 25
15 27
16 34
16 75
17 66
18 41
19 43
20 74
20 76
22 59
24 35
26 31
30 33
38 77
39 47
41 51
46 48
46 63
56 68
58 60
59 62
66 76
0 0
13 9
1 3
0 0
70 37
0 17
3 43
4 24
4 48
8 57
15 33
17 44
19 41
20 22
20 42
20 44
21 54
26 34
36 48
39 56
39 58
45 58
47 52
55 67
0 0
68 27
7 48
21 58
24 32
24 44
24 65
26 57
27 31
27 36
35 55
54 65
0 0
62 43
0 52
39 58
47 58
0 0
17 2
5 8
0 0
73 49
3 29
10 14
11 60
15 46
25 54
29 38
32 48
42 56
46 60
50 72
0 0
61 11
1 7
2 50
4 40
4 58
6 12
7 55
12 52
13 31
15 28
16 36
18 39
18 59
19 57
20 54
24 29
26 30
26 53
41 47
56 58
0 0
39 12
14 18
19 23
0 0
81 5
0 22
0 43
3 10
3 44
12 42
22 55
29 66
48 55
57 66
0 0
84 41
8 36
13 24
19 74
20 80
23 25
23 47
26 43
27 49
34 72
37 64
38 78
46 79
57 77
0 0
95 24
1 61
1 76
2 88
3 63
4 44
4 71
6 19
7 16
7 18
7 30
7 50
8 29
9 40
10 71
10 93
12 36
12 60
12 76
16 20
19 21
19 40
19 43
21 88
29 58
29 71
31 86
35 59
36 52
38 74
40 77
41 53
42 79
47 84
51 91
54 74
60 78
62 81
67 71
67 74
67 81
78 82
81 86
0 0
67 42
0 30
0 43
5 17
5 60
6 14
10 37
16 39
16 59
16 60
26 27
30 37
34 41
35 61
37 60
38 54
46 57
49 51
50 51
0 0
2 0
0 0
40 27
0 5
0 17
6 20
8 17
8 33
13 30
17 18
20 25
0 0
99 60
1 43
1 57
3 46
6 44
8 91
12 18
18 64
19 98
20 89
23 74
25 66
26 69
26 95
27 29
27 52
28 80
31 36
35 80
39 64
42 58
42 79
44 60
56 85
63 95
67 83
70 97
72 94
0 0
19 3
0 0
62 50
2 54
6 39
18 35
20 41
30 56
35 52
0 0
78 29
1 28
11 58
14 72
45 56
58 71
65 67
0 0
60 48
0 18
2 19
3 40
5 6
15 19
16 25
24 25
26 36
27 55
33 47
41 59
46 54
48 59
50 59
0 0
11 10
2 6
0 0
10 6
5 6
0 0
67 2
0 38
2 45
4 37
8 49
9 22
16 49
18 58
19 41
19 50
20 60
26 37
29 66
30 37
30 55
34 48
42 57
47 50
62 66
0 0
18 6
0 0
47 38
0 25
0 31
1 26
15 19
16 24
16 39
36 38
0 0
19 7
2 6
8 15
0 0
