0
856
903
1
733
719
402
0
106
4
897
664
0
0
760
918
452
0
592
979
364
759
464
456
4
818
889
2
153
0
991
976
818
1
4
5
258
0
0
1
438
911
544
881
2
567
0
851
0
1
305
363
525
456
289
0
0
817
374
154
365
654
908
118
506
0
713
0
447
0
934
0
996
434
415
954
641
844
427
474
416
382
637
0
931
937
3
962
1
970
886
3
323
0
679
199
1
628
724
265
3
882
749
868
534
0
0
599
0
289
0
577
725
8
5
882
172
468
772
827
3
0
458
279
0
170
435
1
671
0
249
443
557
901
278
0
796
200
897
0
316
358
0
0
0
603
936
955
0
410
353
0
4
266
42
1
647
971
0
436
917
507
371
649
795
705
887
689
177
321
877
798
0
137
685
14
1
376
199
884
281
960
0
840
854
575
755
226
657
425
0
0
146
9
1
993
976
3
881
0
