100
4
41 52 18 10
18
75 43 99 61 52 33 35 43 18 94 27 56 42 25 12 15 65 57
18
9 87 77 0 17 37 22 93 28 59 91 18 99 13 62 18 42 11
16
21 30 54 36 16 16 35 42 36 56 3 87 34 15 64 81
17
33 5 66 8 27 4 4 1 49 78 87 76 29 41 51 99 45
5
38 29 2 48 28
16
96 88 87 33 66 0 32 0 14 23 72 52 51 64 12 48
1
74
5
72 65 45 57 27
7
8 13 69 90 99 91 72
17
16 31 6 50 10 45 31 45 92 30 31 34 77 6 20 30 84
4
58 1 82 92
8
86 15 54 83 79 93 88 87
13
70 94 46 29 1 66 17 1 40 96 51 29 53
14
58 69 7 92 48 93 14 21 56 25 29 60 18 85
2
78 69
17
10 63 22 14 6 73 37 89 74 78 11 72 81 66 55 83 63
15
60 65 5 14 63 40 53 78 77 74 96 13 54 3 29
9
69 10 81 93 55 11 34 25 93
9
37 62 5 10 70 79 76 27 38
14
40 43 77 5 98 52 32 11 24 39 42 82 86 33
18
95 14 6 54 31 30 52 16 40 16 90 51 82 42 78 64 13 4
1
33
20
80 14 91 24 65 9 87 3 6 64 86 61 1 63 90 11 39 9 63 46
12
99 36 4 35 12 13 21 87 20 47 83 93
10
27 33 82 90 19 95 36 99 3 67
9
59 69 82 90 48 37 0 76 46
16
92 7 5 24 82 49 21 29 13 11 70 39 46 58 41 34
3
46 37 24
1
71
14
86 0 25 31 71 27 15 41 22 60 33 56 1 80
16
58 25 52 23 32 54 37 39 75 84 91 42 75 95 13 48
17
50 36 64 76 50 27 25 3 47 91 64 16 91 65 33 7 65
5
58 60 12 34 13
1
91
4
34 35 70 90
17
46 58 30 99 29 0 25 24 36 10 58 72 52 92 50 94 31
9
91 36 48 59 84 49 73 24 91
18
5 84 70 0 16 35 39 43 33 73 94 37 33 94 19 35 39 90
19
22 91 23 93 50 23 57 22 28 46 47 59 5 47 52 93 27 23 56
11
16 82 65 15 64 69 23 32 86 96 62
5
62 23 58 69 16
12
8 45 19 71 7 17 91 86 27 3 23 72
4
70 84 31 37
8
52 28 30 55 41 85 81 96
1
86
13
24 7 39 30 97 59 29 34 83 95 73 16 18
7
63 81 11 37 8 66 30
8
5 32 47 88 75 25 74 95
16
13 26 7 92 42 90 0 61 13 34 98 46 80 26 14 76
11
29 22 85 68 57 69 91 92 94 4 87
19
44 25 72 54 92 61 30 86 95 84 16 66 45 28 86 21 84 17 36
17
21 68 14 21 83 62 37 42 39 80 40 81 22 29 59 24 83
17
93 15 89 29 18 94 25 20 34 67 63 83 42 21 94 63 28
10
95 77 16 75 20 70 15 67 72 14
17
18 38 94 75 21 99 15 97 44 39 66 61 52 53 72 58 69
17
28 42 94 42 71 75 53 36 57 16 82 10 12 1 10 63 17
18
97 31 85 8 97 22 39 79 3 67 19 51 74 49 70 8 59 15
10
14 70 12 75 1 75 38 9 0 77
2
78 7
18
28 30 69 49 99 56 54 1 97 12 18 42 90 12 47 83 64 21
3
29 73 93
1
16
4
98 9 18 48
19
60 57 71 14 17 46 90 10 46 94 84 70 78 85 60 74 73 29 19
18
25 71 78 97 84 95 69 47 76 21 45 86 99 13 20 28 84 90
1
64
7
51 49 40 23 46 75 8
2
66 16
8
57 59 36 97 42 55 84 36
13
7 99 72 45 10 70 51 70 74 60 31 56 3
20
80 0 78 79 44 44 57 78 69 53 32 30 90 61 70 24 93 68 80 35
8
24 65 19 2 43 11 31 35
11
6 88 65 35 1 65 4 89 56 36 44
12
77 71 13 45 57 26 51 53 99 81 31 90
4
59 44 0 15
16
85 68 18 49 18 43 80 75 31 63 2 84 34 28 60 6
8
89 0 16 25 9 68 31 58
3
11 51 51
7
31 29 13 38 72 43 7
11
99 48 79 5 52 78 32 34 12 12 51
10
89 24 92 77 50 88 12 25 29 61
10
73 66 19 1 72 95 11 19 32 30
15
97 31 6 32 30 56 9 37 63 7 89 47 72 5 70
19
59 93 31 43 67 80 59 30 17 25 76 39 24 91 25 42 75 34 20
19
81 78 2 89 89 6 76 5 34 1 76 22 92 12 92 91 53 71 55
7
61 61 8 93 41 41 51
19
61 30 65 97 87 11 31 13 19 8 20 92 89 86 72 1 65 70 1
10
49 47 34 40 97 86 7 51 35 12
9
18 10 39 24 48 99 73 61 30
17
69 70 36 91 39 99 59 86 84 78 49 21 6 59 94 52 46
9
58 20 13 32 61 30 24 43 50
9
5 32 75 31 20 81 48 45 47
10
65 49 58 58 91 39 53 18 57 59
19
16 95 15 49 91 39 91 71 43 42 72 45 31 11 69 74 99 40 22
11
72 87 96 84 54 73 19 70 85 50 88
5
6 87 87 13 19
17
78 43 23 88 35 74 25 61 29 22 57 23 13 73 83 78 15
18
20 96 40 61 16 36 85 9 19 87 59 58 89 12 96 79 82 12
16
39 62 37 77 17 47 92 94 14 46 72 42 92 54 62 32
