43
1 9 12 39 0
3 0
4 32 3 0
5 30 0
6 13 0
7 35 16 0
8 32 0
9 1 0
10 7 22 0
11 23 0
13 36 16 0
14 6 0
15 21 0
16 14 0
17 0
18 32 0
19 0
20 40 20 0
21 0
22 23 0
23 28 0
24 39 8 0
25 38 37 0
26 1 0
27 10 19 0
28 38 0
29 0
30 19 19 0
31 0
32 29 40 0
33 10 27 1 0
34 0
35 0
36 32 0
37 4 27 0
38 34 0
39 0
40 11 39 0
41 41 0
42 24 0
43 16 0
0
38 31 16 26 23 1 32 4 14 16 26 4 22 30 18 31 42 33 25 29 16 18 2 37 31 5 14 1 8 12 28 43 18 34 9 21 4 32 5
53
1 33 0
2 15 0
4 7 3 0
5 18 0
6 12 0
7 35 28 0
8 0
9 19 0
10 0
11 12 51 0
12 36 9 47 34 0
14 20 52 0
15 0
16 39 12 0
17 45 28 49 0
18 23 7 0
19 6 8 0
20 18 51 11 0
21 0
22 21 35 23 9 0
23 0
24 32 0
25 3 0
26 41 0
27 29 0
28 51 0
29 7 0
30 0
31 0
32 37 32 0
34 40 0
35 8 0
37 1 29 7 32 0
38 4 34 40 0
39 27 0
40 34 35 0
41 16 1 0
42 20 31 0
43 29 4 16 0
44 22 0
46 0
47 49 31 23 0
48 0
49 26 0
50 18 32 0
51 4 3 0
52 12 40 27 0
53 0
0
2 43 32
44
1 0
2 0
3 13 38 23 0
4 0
5 0
6 27 0
7 17 32 13 40 26 0
8 0
9 18 0
10 16 0
11 15 11 22 0
12 0
13 7 35 0
14 6 9 0
15 0
16 2 7 14 0
17 31 0
18 6 19 0
19 38 0
20 19 0
21 0
22 25 0
23 0
24 6 0
25 44 33 0
26 5 0
27 44 35 24 0
28 25 0
29 18 28 0
30 26 0
31 0
32 0
33 17 2 10 0
34 16 0
35 0
36 34 37 0
37 0
38 16 0
39 23 0
40 27 22 0
41 0
42 0
43 42 21 0
44 4 22 16 0
0
38 9 20 18 13 8 8 41 28 25 17 44 40 26 16 28 36 38 36 43 6 30 6 44 32 22 34 42 8 13 12 9 11 35 35 9 4 21 2
81
1 52 65 10 45 0
3 10 76 25 0
4 18 52 70 0
5 31 51 18 0
6 52 58 26 65 19 0
7 35 0
8 19 5 42 63 0
9 54 38 46 39 0
10 49 7 0
11 8 0
12 75 65 0
13 25 43 47 7 0
14 81 36 0
15 32 6 73 80 0
16 33 58 52 0
17 26 9 0
18 49 38 65 33 65 0
19 54 4 0
20 62 0
21 39 43 52 79 54 33 45 0
22 16 38 76 0
23 24 0
24 37 0
25 25 45 73 0
26 59 38 34 10 0
27 49 0
29 60 57 15 0
30 49 36 39 0
31 29 15 0
32 52 80 16 0
33 19 8 0
34 51 61 66 32 0
35 0
36 41 58 78 0
37 72 0
38 35 46 35 0
39 81 63 19 0
40 1 69 4 0
41 30 81 0
42 6 4 54 0
43 67 0
44 9 48 79 75 0
45 10 6 25 0
46 0
47 14 15 0
48 66 1 16 0
49 0
50 48 0
51 57 19 17 0
52 56 53 0
53 40 72 58 17 75 0
55 75 0
56 79 42 0
57 33 32 0
59 59 20 11 2 0
60 35 0
61 11 4 0
62 71 0
63 1 14 77 0
64 76 58 48 25 0
65 75 24 33 14 0
66 14 58 0
67 73 6 28 75 0
68 30 0
69 45 73 7 78 0
71 44 36 64 0
72 67 32 0
73 59 59 35 0
74 53 0
75 80 51 18 9 0
76 13 13 59 74 46 37 0
77 6 40 72 0
78 1 0
79 32 26 0
80 73 16 0
0
21 46 45 75 15 5 39 65 17 55 17 39 60 6 20 51 50 6 39 76 70 66
6
1 0
2 0
3 4 0
4 0
5 0
6 0
0
4 5 1 4 3
60
1 41 0
2 30 23 0
3 49 16 26 0
4 28 6 18 0
5 27 57 0
6 20 44 47 0
7 8 9 0
8 2 15 0
9 60 45 0
10 4 0
11 17 35 43 0
12 10 15 53 0
13 31 49 0
14 59 0
15 38 41 47 0
16 54 48 22 0
17 33 4 20 47 38 0
18 54 6 34 13 38 23 18 0
19 49 45 0
20 7 6 0
21 53 60 0
22 47 0
23 31 43 3 0
24 26 54 0
25 36 54 0
26 31 49 52 14 11 0
27 16 53 0
28 46 49 47 0
29 54 30 0
30 0
31 31 55 0
32 0
34 37 0
35 34 50 37 0
36 17 0
37 0
38 0
39 1 23 0
40 1 0
41 0
42 29 17 0
44 0
45 0
46 19 16 27 0
47 0
48 26 51 0
49 59 0
50 20 0
51 60 0
52 0
53 53 0
54 6 0
55 32 0
56 52 0
57 6 0
58 0
59 4 6 37 15 0
60 0
0
41 52 31 40 38 35 25 12 12 54 2 60 33 4 13 37 33 35 30 29 1 20 56 42 4 34 17 49 25 14 56 45 48 24 55 54 17 43 3 60 13 44
22
1 17 0
2 13 0
3 6 6 5 0
4 17 0
5 20 4 0
6 0
7 0
8 17 0
9 0
10 10 1 9 0
11 1 0
12 0
13 19 11 0
14 0
15 0
16 15 0
17 0
18 0
19 21 13 0
20 9 0
21 0
22 0
0
18 8 22 2 1 1 10 16 1 15 16 10 8 13 18 13 3 10 9
3
1 0
2 0
3 0
0
2 2 2
15
1 0
2 12 0
3 5 0
4 10 0
5 13 0
6 0
7 0
8 0
9 0
10 0
11 0
12 0
14 0
15 13 0
0
11 12 8 13 9 2 7 9 7 15 9 1
52
1 42 0
2 7 0
3 33 50 21 5 0
4 33 0
5 26 26 0
6 17 47 0
7 0
8 48 5 24 0
9 39 3 0
10 0
11 32 1 0
12 35 0
13 37 0
14 8 45 0
15 26 48 0
16 32 25 0
17 12 25 0
18 31 16 21 0
19 27 0
20 47 0
21 36 0
22 48 0
23 18 0
24 0
25 15 0
26 38 0
27 0
28 11 32 40 0
29 13 46 22 0
30 38 0
31 32 15 0
32 49 45 0
33 13 0
35 10 17 20 0
36 31 0
37 24 50 7 0
38 45 2 0
39 22 0
40 44 19 0
41 0
42 41 0
43 1 47 16 0
44 31 0
45 25 0
46 36 0
47 29 49 0
48 33 1 0
49 32 18 31 38 0
50 18 47 0
51 0
52 0
0
49 38 13 33 33 22 45 12 16 30 34 33 10 49 46 27 15 50 27 51 9 50 5 8 37 15 21 52 19 29 46 48 24 43 40 3 51 38 5 25 45 42 47 9 18 48 52 38 28 6
16
1 14 3 0
2 0
3 0
4 0
6 0
7 0
8 0
10 14 0
11 3 0
12 16 0
13 0
14 0
15 0
16 1 0
0
2 10 1
26
1 0
2 16 0
3 24 20 0
4 23 0
5 0
6 20 24 8 0
7 4 7 11 0
8 22 0
9 22 0
10 12 0
11 0
12 0
13 0
14 25 0
15 14 0
16 1 0
17 0
19 0
20 5 20 0
21 26 20 15 0
22 0
23 2 2 0
24 0
25 6 22 11 0
26 2 0
0
9 24 11 22 7 15 15 23 13 5
39
3 20 0
4 5 32 31 0
5 30 18 0
6 12 0
7 5 0
9 37 0
10 0
11 0
12 0
13 22 29 0
14 21 0
16 21 0
17 0
18 19 11 0
19 8 11 22 37 0
20 13 0
21 10 0
22 16 0
23 0
24 39 0
25 0
26 0
27 9 38 0
28 9 25 0
29 14 26 30 1 0
30 0
31 25 0
32 6 28 0
33 35 0
34 21 0
35 0
37 0
38 25 0
39 0
0
23 35 31 16 38 35 27 10 8 32 4 23 22 17 29 30 24 9 15 11 16 1 32 26
91
1 4 9 0
2 45 0
3 23 55 86 62 0
4 81 38 32 91 0
5 9 50 38 0
6 60 0
7 65 89 0
8 75 14 0
9 81 0
10 89 67 68 38 0
11 90 9 0
12 42 13 0
13 12 34 25 20 23 28 53 0
14 78 71 71 0
15 27 63 27 0
16 57 26 0
17 47 21 80 87 0
18 89 82 10 68 0
19 10 52 33 70 13 0
20 63 13 41 82 63 40 0
21 89 19 0
22 31 20 77 0
23 4 11 25 85 58 0
25 38 78 0
26 63 0
27 71 0
28 3 44 0
29 66 63 0
30 0
31 91 31 35 0
32 50 0
33 18 29 72 80 0
34 26 21 0
35 11 80 10 64 0
36 2 69 76 73 0
37 43 58 0
38 35 64 11 0
39 48 54 37 13 0
40 19 0
41 7 48 0
42 86 4 44 0
43 20 82 6 14 30 0
45 63 73 21 13 0
46 33 72 0
47 31 8 38 2 82 81 0
48 88 91 2 8 85 0
49 30 0
50 8 3 0
51 14 47 36 0
52 23 21 52 0
53 19 7 33 52 0
54 50 16 66 12 72 0
55 86 26 47 0
56 78 36 18 0
57 15 75 0
58 1 36 43 45 0
59 47 66 0
60 37 0
61 9 18 33 0
62 19 29 0
63 6 45 18 52 0
64 69 3 0
65 75 55 0
66 59 16 0
67 65 44 51 70 74 35 19 0
68 66 4 23 53 43 54 0
69 74 0
70 4 2 15 74 0
71 7 45 15 62 0
72 73 61 0
73 70 0
74 64 0
75 30 0
76 54 42 20 0
77 80 51 67 74 0
78 49 57 19 4 0
79 61 64 0
81 0
82 74 79 50 2 0
83 15 25 17 0
84 0
85 73 82 56 0
86 68 30 81 91 0
88 64 81 55 55 0
89 0
90 9 0
91 34 0
0
55 25 49 88 54 82 87 65 75 63 53 40 2 70 1 13 13 47 19 31 19 85 70 1 47 36 91 82 46 67 17 14 88 65 87 70 50 90 73 73 45 24 77 48 42 4 6 22 34 10 69 79 69 23 40 69
82
2 40 43 68 0
3 64 9 2 0
4 63 36 0
5 67 0
6 10 75 0
7 74 20 0
8 30 13 0
9 29 45 71 0
10 3 16 0
11 10 32 10 0
12 42 52 2 0
13 4 0
14 23 29 38 0
15 21 54 0
16 53 23 39 0
17 8 54 16 0
18 67 23 0
19 42 34 61 0
20 42 65 77 0
21 18 77 25 0
22 35 38 38 10 62 28 16 0
24 32 49 53 0
25 12 52 53 9 77 0
26 10 4 52 0
27 45 0
28 0
29 66 0
32 43 17 0
33 23 4 0
34 19 74 0
35 13 75 3 60 0
36 82 12 0
37 48 0
38 77 2 77 8 20 0
39 29 43 64 0
40 82 74 0
41 62 77 0
42 40 16 49 0
43 0
44 16 21 0
45 50 44 0
46 0
47 61 74 49 43 0
48 71 0
49 7 41 18 28 0
50 70 0
51 81 0
52 6 39 24 70 0
53 68 0
54 63 10 0
55 32 82 0
56 43 0
57 45 67 0
59 43 66 67 10 75 21 0
61 26 3 34 76 12 0
63 43 0
64 81 10 41 0
65 30 40 0
66 37 72 50 0
67 50 72 6 0
68 16 44 0
69 78 0
70 26 0
71 10 0
72 68 35 0
73 0
74 79 0
75 62 30 0
76 20 59 0
77 60 48 77 0
79 82 12 71 0
80 43 80 0
81 60 35 19 0
82 6 31 17 0
0
79 14 44 71 49 62 25 57 14 4 37 43 39 75 29 80 45 62 16 13 47 39 77 9 33 75 36 59 21 8 42 51 61 36 70 54 35 27 17 33 31 39 2 44 40 8 76 21 11 76 81 45 8 49 74 51 73 42 8 56 26 66 69 17 82 1 65 56 11 15 72 53 32 61 51 23 19 77 1 74
100
1 18 0
2 55 39 13 0
3 89 100 75 0
4 96 87 78 0
5 26 62 9 12 0
6 5 0
7 98 5 32 83 59 99 0
8 72 73 0
9 42 71 33 0
10 48 20 41 13 0
11 19 78 97 0
13 65 80 10 77 0
14 34 62 95 68 69 0
15 0
16 81 75 0
17 66 53 22 0
18 11 77 26 74 28 94 0
19 59 37 70 35 81 0
20 71 76 33 65 0
21 37 43 92 36 0
22 92 19 84 44 55 0
23 31 91 60 90 36 0
24 57 71 73 0
25 23 69 32 0
26 28 87 96 64 81 58 29 37 0
27 36 69 0
28 16 1 92 96 0
29 79 49 59 40 0
30 16 93 84 89 71 35 0
31 4 86 50 42 0
32 72 0
33 28 81 100 0
34 70 25 1 99 42 0
35 1 49 84 0
36 72 8 92 88 0
37 76 77 67 59 11 0
38 95 0
39 64 100 54 0
40 100 98 35 0
41 98 15 90 0
42 64 64 79 21 0
43 10 0
44 37 63 0
45 17 5 19 79 0
46 5 0
47 25 29 6 3 0
48 4 68 16 0
49 67 77 0
51 60 41 0
52 21 14 96 91 44 0
53 30 84 57 35 0
54 59 36 75 0
55 93 88 0
56 90 63 0
57 99 19 87 28 87 0
58 82 67 42 0
59 63 0
60 12 78 42 29 0
61 60 0
63 52 47 24 36 0
64 15 2 42 23 0
65 94 0
66 47 18 0
67 96 69 0
68 21 79 0
69 29 1 0
70 98 74 12 0
71 27 56 0
72 37 84 85 79 0
73 41 5 73 1 3 0
74 48 47 0
75 11 42 65 58 39 0
76 52 61 83 0
77 87 8 0
78 17 0
79 90 8 0
80 32 19 0
81 34 75 12 26 18 0
82 69 67 0
83 84 21 58 43 1 0
84 8 36 24 73 0
85 64 55 44 33 1 0
86 41 90 82 74 0
87 26 18 41 0
88 6 61 10 86 0
89 39 70 96 0
90 99 7 87 0
91 37 74 0
92 80 8 69 15 0
93 37 69 90 13 7 0
94 51 94 64 28 0
95 12 12 39 0
96 27 35 0
97 99 95 43 39 100 31 89 0
98 34 0
99 88 51 75 50 99 89 69 0
100 51 57 0
0
47 98 52 13 7 98 15 7 79 2 38 96 46 94 58 24 14 3 22 48 45 29 25 19 42 88 97 54 42 99 92 28 1 62 34 96 49 49 46 84 44 68 56 55 75 67 6 97
49
1 0
2 16 41 44 6 0
3 28 22 9 0
4 0
5 18 0
6 27 44 0
7 28 0
8 48 22 0
9 0
10 42 0
11 1 0
12 22 0
13 0
14 36 45 25 0
15 39 27 0
16 7 4 47 44 0
17 0
18 29 0
19 24 23 20 25 0
20 27 0
21 14 12 0
24 49 44 0
25 1 10 0
26 9 0
27 11 0
28 0
29 36 0
30 0
31 0
32 0
33 46 40 0
34 43 0
35 23 0
36 27 0
37 16 25 22 0
38 30 10 0
39 37 7 38 0
40 4 0
41 30 16 0
42 28 38 0
43 0
44 0
45 17 18 40 0
46 33 0
47 46 0
48 25 18 0
49 15 15 0
0
47 3 5 35 43 13 42 42 40 2 4 23 32 31 23 28 36 6 29 39 41 43 35 33 12 43 45 20 38 4 41 3 36 4 2 20 9 49 21 29 40 22 21 16 33 25 9 26
76
1 47 39 40 47 0
2 47 62 0
3 50 0
4 39 63 12 34 17 28 59 71 38 0
5 33 57 0
6 0
7 39 72 0
8 37 52 55 0
9 1 14 76 0
10 9 11 0
11 57 1 5 20 6 15 0
12 71 61 0
13 30 3 0
14 35 1 29 73 45 0
15 75 16 0
16 1 52 10 0
17 9 0
18 73 57 47 0
19 13 41 0
22 69 0
23 0
24 37 0
25 0
26 33 64 0
27 36 40 0
28 0
29 40 0
30 40 41 0
31 2 22 71 0
32 0
33 33 14 0
34 59 0
35 18 16 0
36 51 42 0
37 69 68 0
38 14 29 19 68 0
39 53 21 0
40 53 31 47 42 62 0
41 56 25 0
42 71 0
43 21 3 0
44 64 48 0
45 64 18 0
47 27 68 42 0
48 39 0
49 49 54 0
50 64 0
51 0
52 17 0
53 69 10 0
54 52 75 0
55 57 55 38 14 34 0
57 32 11 0
58 66 31 26 61 20 0
59 15 12 0
60 70 44 76 0
61 64 0
62 20 0
63 0
64 25 0
65 6 0
66 36 0
67 16 0
68 31 45 44 0
69 46 39 6 0
70 5 58 41 66 3 18 76 0
71 34 59 67 0
72 6 0
73 61 0
75 62 0
76 26 12 40 0
0
67 61 21 69 17 67 47 49 8 65 10 52 17 31 18 25 47 14 65 7 11 38 42 13 38 18 58 15 75 29 43 60 75 11 32 5 64 27 12 11 22 75 34 67 63 3 33 47 36 33 45 72 60 25 24 36 49 3 18 55 28 46 42 42 72 49 30 67
66
1 13 6 65 0
2 7 65 0
4 39 0
5 33 37 18 0
6 0
7 39 2 0
9 35 0
10 63 0
11 3 5 4 61 0
12 48 0
13 41 0
14 65 25 16 0
15 28 35 61 0
16 59 41 13 38 0
17 20 54 29 9 0
18 36 54 0
19 30 60 0
20 0
21 37 64 3 0
22 0
23 60 55 28 0
24 21 29 0
25 17 55 0
26 2 28 0
27 66 30 0
28 40 32 5 0
29 47 0
30 22 30 21 0
31 62 32 59 24 0
32 27 15 0
33 56 21 0
34 13 6 61 28 0
36 3 59 0
37 0
38 21 11 0
39 15 26 13 25 0
40 35 13 27 15 38 0
41 36 53 5 3 62 48 0
42 0
43 1 37 0
45 16 38 0
46 30 44 0
47 1 21 0
48 0
49 66 0
51 62 0
52 17 43 20 1 65 0
53 0
54 23 1 0
55 33 5 47 0
56 49 66 0
57 2 10 17 34 30 0
58 66 22 0
59 66 36 0
60 27 20 15 51 0
61 2 39 0
62 1 30 41 0
63 12 4 65 8 0
64 5 0
65 0
66 32 0
0
61 30 48 23 51 17 47 43 33 50 30 1 58 26 20 6 21 10 48 30 37 48 34 34 32 47 53 5 53 58 7 40 41 13 29 47 13 66 45 28 64 53 13 25 35 32 44 23 38 9 31 45 9 26 54 34 52 15 32 31 53 44
17
1 0
2 0
3 0
4 0
5 0
6 0
8 0
9 4 12 0
10 0
11 11 0
12 3 0
13 0
14 0
15 0
16 10 5 0
17 0
0
3 1 1 17
47
1 25 0
2 11 35 45 15 43 0
3 19 1 0
4 1 35 5 0
5 18 25 6 0
6 0
7 25 0
8 30 0
9 23 0
10 0
11 19 20 7 0
13 0
14 21 3 0
15 3 0
16 37 31 0
18 22 0
19 18 4 0
21 28 0
22 0
23 2 0
24 0
25 22 0
26 11 47 2 0
27 44 22 4 0
28 0
29 0
30 6 36 0
31 21 0
32 18 0
33 0
34 0
35 38 35 0
36 1 0
37 0
38 9 14 32 0
39 7 0
40 38 0
41 19 36 0
42 5 8 0
43 36 4 0
44 45 4 0
45 29 0
46 6 0
47 9 22 0
0
17 31 27 29 21 27 19 43 27 39 31 16 39 28 34 16 2 21
34
1 14 24 14 0
2 24 31 0
3 19 0
4 32 0
5 28 0
6 32 0
7 33 0
8 15 2 3 0
9 0
12 34 0
13 15 27 0
14 1 2 0
15 25 0
16 13 8 0
17 24 0
18 0
19 0
20 12 11 34 28 0
21 17 0
22 31 15 0
23 22 0
24 12 0
25 11 0
26 0
27 0
29 0
30 0
31 13 0
32 23 21 0
33 33 0
0
11 2 21 30 4 29 25 12 31 5 29 21
52
1 23 41 0
2 24 12 19 11 0
3 42 14 0
4 2 0
5 34 8 0
6 0
7 16 0
8 10 45 0
9 15 0
10 44 4 18 30 21 0
11 36 23 0
12 5 6 2 0
13 0
14 21 9 0
15 23 20 0
16 34 19 0
17 25 0
18 0
19 5 9 26 7 0
20 0
21 29 0
22 0
23 30 34 0
24 45 39 0
25 28 48 0
26 22 0
27 3 0
28 0
29 0
30 0
31 30 0
32 18 39 0
33 51 0
34 0
35 26 13 40 26 0
36 37 0
37 0
38 22 9 35 0
39 42 0
40 5 5 0
41 0
42 6 0
43 7 0
45 32 22 0
46 46 0
47 40 0
48 11 32 0
49 38 42 19 52 0
50 36 9 19 29 30 0
51 0
52 50 46 3 0
0
7 44 16 16 28 34 33 46
1
1 0
0
1 1
66
1 47 48 0
2 53 58 45 37 0
3 0
4 58 29 0
5 21 0
6 59 0
7 37 57 0
8 65 50 32 0
9 9 1 0
10 12 60 20 18 28 0
11 44 0
12 2 0
13 4 54 1 0
14 0
15 47 57 0
16 0
17 59 63 0
18 2 0
19 0
20 63 0
21 34 57 56 15 0
23 54 0
24 0
25 32 43 0
26 29 9 0
27 32 41 1 5 0
28 60 44 49 12 47 56 65 0
29 19 42 0
32 19 0
33 18 44 5 23 25 0
34 0
35 53 0
36 59 23 0
37 47 6 5 0
38 59 5 0
39 0
40 17 4 46 64 0
41 7 1 0
42 0
44 29 16 22 0
45 38 0
46 18 46 0
47 0
48 22 0
49 0
50 0
52 40 18 0
53 62 0
54 0
55 43 4 3 66 0
56 1 65 32 0
57 47 21 0
58 0
59 3 58 50 0
60 42 31 60 0
61 38 0
62 0
63 25 0
64 0
65 36 61 44 4 17 44 0
66 17 18 0
0
10 26 25 6 58 22 52 13 41 54 29
34
1 3 28 0
2 1 17 33 12 0
3 7 0
4 0
5 26 30 0
6 0
7 12 0
8 30 0
9 23 0
10 32 0
11 10 16 0
12 7 0
13 5 33 0
14 7 0
15 25 13 0
16 3 15 0
17 0
18 0
19 19 0
20 26 0
21 16 1 9 0
22 0
23 18 0
24 8 29 0
25 0
26 1 0
27 0
28 24 23 0
29 0
30 0
31 0
32 31 11 0
33 28 0
34 9 0
0
6 14 34 5 8 6 28
4
1 0
2 1 0
3 0
4 0
0
1 1
58
1 27 0
2 32 0
3 19 13 0
4 37 0
5 38 52 0
6 23 0
8 7 45 0
9 54 16 0
10 35 6 0
11 51 15 0
12 42 0
13 4 0
14 29 48 0
15 54 11 0
16 0
17 31 0
18 25 0
19 25 0
20 0
21 0
22 44 0
23 31 37 0
24 25 1 53 0
25 0
26 36 0
27 47 24 0
28 53 0
29 35 0
30 10 2 5 0
31 39 58 27 0
32 23 29 0
33 32 44 0
34 58 43 0
35 0
36 10 55 51 0
37 8 39 35 0
38 18 0
39 55 12 0
40 26 52 1 0
41 0
42 10 0
43 29 28 28 0
44 14 0
46 56 47 0
47 36 47 41 0
48 39 53 35 0
49 57 0
50 24 55 0
51 45 46 53 46 0
52 0
53 55 0
54 20 4 0
55 0
56 38 30 0
57 18 44 0
58 38 56 0
0
48 22 9 5 10 7 25 13 55 12 19 45 57 38 26 19 21 12 54 49 24 51 44 15 47 21 21 58 41 58 7 29 57 37 5 33 25 15 21 28 44 58 36 41 30 19 44 55 30
3
1 0
2 2 0
3 0
0
2 2 1
98
1 53 98 93 0
2 7 0
3 11 34 76 91 3 2 80 0
4 86 82 24 0
5 15 77 92 0
6 47 30 25 42 0
7 4 76 0
8 13 1 97 1 0
9 78 67 95 41 26 0
10 31 54 0
11 71 34 68 0
12 89 55 25 27 0
13 60 65 0
14 34 74 47 59 94 2 0
16 80 0
17 81 72 89 9 0
18 6 0
19 69 79 39 0
21 40 51 43 4 73 0
22 70 47 37 22 0
23 39 66 0
24 17 19 31 61 77 24 48 0
25 46 50 24 49 41 0
27 8 46 0
28 28 87 65 44 8 51 0
29 62 38 36 0
30 57 66 0
31 21 0
32 62 0
33 40 55 12 69 0
34 19 13 0
35 23 74 37 74 24 0
36 59 28 30 89 0
37 55 91 27 80 0
38 6 53 90 49 0
39 32 90 69 0
40 87 68 38 12 0
41 85 38 23 0
42 69 0
43 1 10 58 0
44 51 97 71 11 0
45 0
47 97 7 13 26 8 63 0
48 87 29 73 0
49 58 24 0
50 0
51 84 0
53 98 62 8 0
56 1 47 79 27 79 0
57 31 64 77 0
58 40 11 8 8 0
59 82 64 81 79 15 0
60 0
61 15 59 79 26 19 79 68 0
62 36 96 37 0
63 8 66 0
64 5 89 0
65 12 0
66 97 94 0
67 6 11 48 60 97 0
68 48 0
69 76 85 0
70 90 29 0
71 31 0
72 38 37 75 43 0
73 57 96 0
74 29 63 4 35 0
75 48 30 46 0
76 83 45 32 0
77 95 0
78 66 98 33 27 5 0
79 8 0
80 50 10 0
81 12 0
82 51 40 35 26 4 0
83 83 0
84 80 87 15 0
85 9 10 84 0
86 67 74 37 9 0
87 91 0
88 89 0
89 46 62 39 0
90 44 63 7 38 94 0
91 55 0
92 34 13 71 63 0
93 83 35 98 31 0
94 28 0
96 0
97 11 0
98 91 67 58 78 0
0
87 62 65 16 50 89 72 31 2 74 45 89 30 20 53 51 54 83 8 10 35 49 20 76 11 69 18 51 68 93 53 18 44 13 98 27 76 97 15 28 36 83 44 11 76 3 30 23 76 76 15 32 56 78 79 28 28 43 93 7 62 86 73 64 93 57 63 53 6 77 78 84 58 28 64 45 44 59 48 44 28 27 23 36 25 7 41 14
58
2 40 31 0
3 8 7 0
4 18 0
5 10 51 13 52 0
6 4 32 42 0
7 43 6 21 0
8 0
9 45 32 0
10 17 12 23 0
11 26 50 5 0
12 5 23 58 0
13 58 55 32 0
14 43 0
15 11 0
16 32 15 0
17 49 54 0
18 11 30 57 19 0
19 9 16 0
20 42 38 0
21 21 0
22 25 8 0
23 14 0
24 52 34 36 0
25 17 0
26 34 20 0
27 30 0
28 2 14 34 0
29 3 49 39 0
30 44 31 0
31 49 6 19 45 0
32 26 0
33 35 4 4 23 0
34 44 0
35 54 0
36 45 5 0
37 38 0
38 28 16 18 17 0
39 51 0
40 3 32 0
41 16 0
42 48 0
43 58 45 51 0
44 40 0
45 0
46 0
47 21 0
48 47 10 48 11 0
49 36 34 0
50 6 0
51 13 0
52 34 53 42 56 0
53 15 48 0
54 2 4 0
55 10 28 0
56 38 0
57 34 0
58 26 1 21 0
0
16 22 16 53 6 26 42 26 58 55 57 58 14 13 55 3 16
33
1 33 26 0
2 0
3 12 0
4 25 0
6 15 0
7 4 0
8 16 22 6 0
9 10 0
10 0
11 21 16 0
12 32 0
13 0
14 0
15 0
16 7 0
17 17 9 0
18 21 0
19 0
20 0
21 15 0
22 0
23 14 0
24 30 5 0
25 20 0
26 6 0
27 15 0
28 0
29 0
30 31 19 31 0
31 17 5 0
32 6 0
33 32 0
0
13 5 21 28 30 32 27 21 23 5 11 30 23 24
64
1 53 16 0
2 13 0
3 46 0
4 1 0
5 12 6 51 0
6 40 0
7 50 36 23 0
8 23 14 18 9 56 0
9 21 0
10 3 0
11 54 47 45 39 51 64 0
12 9 50 4 43 0
13 34 63 59 0
14 0
15 0
16 52 24 0
17 0
18 27 0
19 15 0
20 55 19 0
21 37 50 0
22 15 58 37 10 36 0
23 0
24 10 0
25 46 0
26 31 27 0
27 0
28 0
29 46 22 63 0
30 59 0
31 19 13 0
32 59 0
33 14 0
34 0
35 0
36 60 62 0
37 58 0
38 50 52 0
39 31 0
40 35 2 0
41 3 8 0
42 43 0
44 27 0
45 31 37 0
46 47 49 0
47 36 23 28 0
48 42 6 0
49 36 0
50 15 0
51 18 0
52 1 41 50 60 0
53 36 0
54 39 0
55 53 38 0
56 0
57 60 20 33 16 0
58 6 0
59 52 0
61 26 52 0
62 12 20 22 50 0
63 47 34 16 0
64 43 35 56 0
0
40 33 30 8 28 11 35 21 9 61 24 59 14 12 15 15 36 37 50 6 31 64 39 36 37 47 50 27 8 7 6 17 46 64 33 37 20 16 23 1 60
39
1 25 11 0
2 32 0
3 23 4 0
4 1 29 0
6 2 0
7 30 0
8 26 16 0
9 15 0
10 0
11 0
12 16 38 0
13 34 39 0
14 14 11 0
15 0
16 0
17 0
18 3 0
19 4 38 0
21 8 9 28 0
22 36 0
23 3 0
24 0
25 3 37 9 0
26 0
27 30 0
28 39 0
29 11 28 0
30 35 21 0
31 24 0
32 11 22 38 0
33 2 30 0
34 9 0
35 27 31 0
37 5 0
38 28 29 0
39 0
0
28 10 23 37 25 24 7 9 31 32 33 25 9 10 24 36 23 8 30 9 2 14 33 27 2 13 26 18 1
78
1 16 27 0
2 56 75 0
3 0
4 33 37 57 0
5 36 72 0
6 33 70 3 57 0
7 74 24 56 26 20 0
8 30 17 25 0
9 54 0
10 31 49 71 64 41 56 0
11 54 65 45 0
12 38 0
13 64 32 2 72 0
14 19 52 0
15 72 25 0
16 0
17 20 1 36 0
18 0
19 53 78 0
20 3 47 65 0
21 3 7 0
22 56 62 0
23 56 12 20 13 55 68 0
24 15 0
25 27 13 0
26 8 11 29 22 0
27 0
28 9 60 0
29 6 33 58 47 0
30 33 0
31 49 14 0
32 33 58 10 43 0
33 67 0
34 52 14 55 0
36 17 29 0
37 70 17 67 2 0
38 24 28 56 0
39 45 41 36 0
40 78 40 72 0
41 67 21 49 0
42 68 20 0
43 35 59 41 0
44 18 16 0
45 36 66 31 10 35 0
46 11 0
47 0
48 52 30 43 47 0
49 36 33 12 0
50 30 7 0
51 23 15 53 11 38 0
52 58 64 47 0
53 40 0
54 38 25 22 59 12 0
55 58 0
56 9 53 67 57 7 73 0
57 9 55 56 33 0
58 75 29 0
59 0
60 52 43 0
61 78 72 0
62 0
63 77 52 0
64 3 0
65 69 33 27 60 71 0
66 58 58 7 0
67 40 76 0
68 18 24 74 7 0
69 61 75 46 47 0
70 33 48 36 0
71 1 54 37 6 11 59 0
72 60 68 37 8 39 0
73 17 20 9 37 0
74 0
75 34 75 0
76 5 0
77 60 64 0
78 48 0
0
74 11 13 10 21 32 6 28 70 8 35 32 30 26 26 18 47 76 75 54 55 67 75 20 22 39 36 77 60 51 48 4 54 60 20 44 3 16 41 66 22 42 57 75 59 15 7 77 40 19 59 50 44 65 35 63 56 62 67 3 26 58 48 16 6 69 76 30 21 35 70 62 58 44 74
84
1 68 16 0
2 0
3 25 0
4 1 49 0
5 3 0
6 29 60 51 0
7 77 0
8 36 70 19 38 19 0
9 0
10 40 26 34 46 0
11 32 84 18 37 0
12 60 0
13 76 13 0
14 66 0
15 43 67 0
17 7 63 42 0
18 79 76 0
19 27 81 0
20 42 81 0
22 80 7 57 51 0
23 0
24 46 33 0
25 1 70 47 0
26 17 62 17 41 62 35 8 0
27 49 0
28 56 20 0
29 58 40 51 0
30 84 0
31 78 0
32 62 60 0
33 22 0
34 69 13 0
35 8 67 50 35 0
36 72 0
37 39 0
38 71 60 0
39 46 46 76 0
40 14 26 39 46 36 58 0
41 60 0
42 38 13 33 0
43 68 22 75 0
44 55 0
45 4 0
46 70 64 18 0
47 70 14 58 0
48 74 50 36 0
49 9 11 0
50 0
51 51 48 60 0
52 5 44 0
53 57 56 31 69 28 35 0
54 17 12 5 0
55 21 11 0
56 17 45 52 40 0
57 5 64 0
58 73 44 0
59 9 14 26 44 0
60 65 44 0
61 43 0
62 48 55 27 13 66 48 0
63 67 23 0
65 51 71 30 0
66 6 38 15 0
67 35 0
68 11 67 0
69 82 10 83 9 0
70 50 73 0
71 55 83 0
72 48 0
73 36 24 32 77 0
74 84 9 58 0
75 55 64 84 0
76 53 0
77 4 0
78 3 36 7 45 0
79 43 72 62 0
80 53 0
81 5 0
82 69 0
84 40 67 63 8 16 0
0
29 30 39 47 28 60 53 53 47 2 64 67 54 18 60 74 84 19 69 50 80 40 49 30 65 18 35 52 24 30
27
1 23 0
2 22 0
3 0
4 0
5 0
6 0
7 0
8 8 0
9 0
11 8 21 14 0
12 22 0
13 16 0
14 24 0
15 18 0
16 0
17 19 0
18 5 0
19 0
20 0
21 7 0
22 20 0
23 6 22 0
24 0
25 10 0
26 17 0
27 0
0
13 23 14 22 3 1 12 21 6 15 8 9 12 16
40
1 0
2 3 0
3 23 8 0
4 16 0
5 21 0
6 12 14 18 0
7 0
8 4 25 0
9 17 10 19 20 0
10 13 23 0
11 0
12 20 26 0
13 25 32 0
14 0
15 27 0
16 2 0
17 0
18 4 15 25 0
19 19 18 32 0
20 0
21 36 0
22 13 0
23 0
24 32 16 29 19 0
25 0
26 0
27 17 0
28 0
29 14 40 0
30 0
31 0
32 17 31 15 0
33 0
34 13 0
35 39 9 15 33 6 0
36 35 29 5 0
37 18 0
38 14 14 0
39 0
40 18 0
0
9 1 17 4 23 14 34 19 18 18
44
1 10 38 16 0
2 23 21 0
3 10 0
4 39 0
5 20 5 0
6 0
7 21 3 0
8 6 0
9 23 0
10 0
11 9 0
12 26 0
13 25 0
14 29 33 0
15 0
16 0
17 0
18 21 0
19 0
20 21 28 24 27 37 0
21 0
22 32 15 0
23 0
24 10 0
25 0
26 37 4 0
27 26 41 21 0
28 0
29 31 0
30 42 10 0
31 3 0
32 0
33 21 0
34 0
35 29 32 20 0
36 30 0
37 35 41 27 0
38 0
39 0
40 27 7 0
41 35 0
42 0
43 20 26 0
44 20 0
0
29 1 6 41 40 35 39 2 36 31 24 3 2 41 25 30 26 16 2 42 11 32 8 3 36 23 18 42 43 17
65
1 7 1 39 0
2 41 0
3 19 27 47 0
4 60 0
5 0
6 0
7 22 4 0
8 28 9 0
9 50 53 0
10 10 58 64 0
11 41 50 45 51 45 31 0
12 26 24 0
13 13 49 63 0
14 52 2 0
15 10 0
16 35 0
17 19 0
18 47 64 48 0
19 5 13 0
20 0
21 30 57 0
23 21 0
24 35 3 0
25 62 63 0
26 43 43 22 0
27 43 24 59 0
28 44 0
29 24 56 0
30 60 50 60 0
31 9 0
32 19 0
33 65 0
34 17 57 0
35 59 1 1 0
36 21 1 7 20 0
37 20 0
38 61 24 32 46 0
39 19 1 2 0
40 13 58 0
41 41 0
42 0
43 40 13 0
44 50 22 0
45 27 0
46 63 0
47 35 0
48 62 0
49 0
50 32 33 16 21 18 16 0
51 8 12 0
52 36 0
53 27 3 4 0
54 15 40 41 0
55 15 46 33 7 0
56 43 55 0
57 60 3 0
58 59 13 35 22 0
59 0
60 43 10 50 63 0
61 37 0
62 0
63 64 30 58 44 0
64 32 46 0
65 0
0
32 65 63 36 12 12 59 27 34 32 53 18 13 13 42 51 51 55 8 41 38 8 61 41 29 8 47 44 35 47 58 28 34
24
1 0
2 19 0
3 0
4 0
6 14 1 0
7 0
8 15 21 0
9 19 0
10 3 0
11 11 14 0
12 24 4 5 0
13 17 3 0
14 2 0
15 3 11 0
16 0
17 0
18 0
20 0
21 0
22 20 0
23 0
24 16 0
0
22 9 16 10 6 7 24 18 24 14 11 20 1 11 15 3 19 22 21 18 15 23 5
65
1 45 43 0
2 23 56 0
3 25 38 57 0
4 0
5 3 27 0
6 29 0
7 55 0
8 9 39 0
9 29 38 39 47 0
10 25 44 50 6 33 36 28 0
11 50 2 0
12 41 59 2 0
13 25 0
14 9 55 0
15 64 0
16 47 32 19 0
17 43 0
18 44 31 62 0
19 19 32 50 0
20 63 16 0
21 8 29 0
22 10 43 30 27 0
23 44 41 51 30 64 0
24 54 48 0
25 0
26 2 0
27 63 25 57 0
28 58 0
29 0
30 0
31 55 29 41 3 0
32 19 53 0
33 31 62 63 28 40 1 0
34 27 0
35 30 24 0
36 26 0
37 32 26 0
38 0
40 59 0
41 27 20 29 0
42 0
43 55 0
44 29 40 48 0
45 18 54 41 1 0
46 40 0
47 18 26 1 0
48 2 19 58 0
50 9 6 54 9 0
51 0
52 37 19 0
53 52 8 26 0
54 1 25 0
55 0
56 14 60 0
57 23 21 3 0
58 49 0
59 11 23 0
61 59 0
62 60 0
63 12 44 0
65 3 2 10 0
0
23 43 57 48 26 52 11 63 16 11 23 46 8 64 19 42 63 42 64 45 16 44 64 18
97
1 0
2 20 0
3 47 27 36 0
5 85 18 43 5 0
6 85 14 23 0
7 25 24 18 40 35 0
8 47 0
9 79 58 0
10 82 51 40 0
11 85 61 56 48 0
12 88 84 0
13 21 45 0
14 55 26 2 0
16 4 4 67 0
17 0
18 84 79 0
19 68 46 0
20 66 83 46 77 0
21 42 90 44 68 0
22 70 0
23 63 90 0
24 66 97 85 13 0
25 26 36 19 0
26 36 61 0
27 68 1 94 39 0
28 37 0
29 0
30 48 0
31 35 55 0
32 80 0
33 21 36 8 0
34 7 41 10 37 0
35 67 2 14 75 0
36 57 66 8 96 0
37 11 89 10 71 51 57 81 6 0
38 0
39 5 63 0
40 47 2 54 47 0
41 97 42 32 88 66 0
42 71 0
43 9 0
44 41 89 29 0
45 88 58 10 0
46 64 62 23 0
47 69 30 42 0
48 26 5 63 56 84 81 0
49 93 0
50 35 39 25 0
51 32 61 88 96 24 38 9 0
52 46 74 39 0
53 48 10 0
54 16 0
55 74 31 0
56 1 68 0
57 91 20 61 52 0
58 85 0
60 88 0
62 19 0
63 88 11 34 0
64 97 0
65 45 0
66 39 37 64 28 0
67 95 92 88 0
68 36 52 50 66 53 64 58 0
69 40 17 0
70 94 67 56 95 0
71 32 86 71 0
72 53 0
73 37 0
74 38 97 0
75 5 14 16 38 37 63 0
76 53 68 23 0
77 49 58 0
78 46 6 42 66 57 29 0
79 46 1 4 0
80 50 76 0
81 29 31 0
82 92 39 39 0
83 86 18 0
84 47 40 75 73 71 1 0
85 15 0
86 70 95 14 37 0
87 1 20 28 87 45 80 19 0
88 32 33 7 0
89 5 35 54 8 59 0
90 85 18 0
91 58 4 30 60 0
92 94 60 83 0
94 90 36 41 0
95 89 0
96 67 23 4 0
97 36 85 0
0
78 97 46 89 87 88 83 42 25 31 79 48 6 50 56 78 73 16 59 9 17 23 77 95 88 53 93 26 1 6 15 71 31 49 44 35 79 21 88 56 84 65 66 90 17 30 51 80 97 47 60 69 96 32 87 7 77 14 83 60 42 91 21 67 21 89 93 38 89 96 31 47 23 11 93 47 36 66 44
78
1 19 52 64 61 13 0
2 57 0
3 27 42 0
4 5 42 31 0
5 36 0
6 62 26 0
7 16 73 29 6 18 10 0
8 46 56 0
9 24 0
10 8 15 0
11 9 48 0
12 70 14 0
13 26 11 18 75 38 0
14 27 60 0
15 32 28 63 0
16 0
17 67 0
18 64 0
19 60 52 56 0
20 13 0
21 45 30 69 23 0
22 0
23 2 73 0
24 45 54 16 0
25 0
26 6 45 20 21 0
27 72 77 14 0
28 0
29 36 28 59 28 44 0
30 49 55 0
31 62 35 0
32 0
33 34 0
34 57 0
35 78 21 0
36 73 6 47 11 16 43 0
37 17 76 18 55 0
38 24 9 0
39 73 9 0
40 15 46 0
41 0
42 12 8 0
43 0
44 39 46 0
45 75 0
46 71 0
47 38 34 35 0
48 14 5 0
49 0
50 55 0
51 51 64 68 14 0
52 8 21 17 3 0
53 59 8 18 60 0
54 69 0
55 15 58 33 0
56 32 8 0
57 63 62 33 26 65 57 58 0
58 24 38 0
59 58 0
60 0
61 0
62 0
63 0
64 71 56 0
65 55 38 40 0
66 59 6 1 0
67 34 73 0
68 20 0
69 31 64 75 0
70 54 64 14 31 0
71 11 53 0
72 34 0
73 30 11 42 0
74 0
75 69 23 0
76 0
77 4 0
78 44 75 0
0
60 10 46 37 9 19 65 55 40 1 15 45 48 72 55 5 73 41 30 69 66 2 35 24 49 8 12 2 14 7 60 66 53 1 13 8 55 42 34 42 11 78 19 13 21 40 20 10 24 49 67 27 61 11 56 40 50 40 54 16 56
15
1 0
2 12 0
3 1 0
4 0
5 15 7 0
6 0
7 8 0
8 7 0
9 0
11 0
12 0
13 3 0
14 0
15 0
0
15 6 1 11 7 3 7 10 12 8 13 13 3 4 12 5
35
1 4 8 0
2 16 26 34 0
3 21 0
5 24 11 23 9 0
6 0
7 34 0
8 9 0
9 7 0
10 0
11 30 20 4 35 0
12 0
13 4 30 0
14 0
15 11 0
16 0
17 0
18 0
19 5 0
20 10 8 12 23 0
21 12 18 0
22 7 0
23 14 24 0
24 25 2 0
25 0
26 34 13 0
27 0
28 30 21 0
29 30 0
30 0
31 22 0
32 1 0
33 0
34 0
35 27 0
0
32 5 26 34 5 33 26 13 8 6 18 32 28 29 24 18 12 21 7 21 22 15 2 27 20 35 7 13 13 28 9 8 1
72
1 16 44 69 0
2 46 0
3 70 56 0
4 36 0
5 0
6 59 0
7 28 19 0
8 58 62 66 21 0
9 52 49 0
10 28 21 33 67 20 68 55 42 64 0
11 53 70 0
12 28 18 72 47 0
13 22 15 0
15 60 0
16 2 0
17 14 45 0
18 62 15 0
21 27 65 31 0
22 1 50 49 0
23 26 71 72 0
24 48 30 32 0
25 15 5 32 0
26 48 31 55 0
27 3 23 70 13 0
28 10 72 0
29 0
30 72 59 50 0
31 37 39 0
33 0
34 0
35 45 31 0
36 13 48 45 55 18 0
37 60 56 0
38 8 32 25 47 20 0
39 20 25 25 0
40 0
41 54 0
42 66 34 17 0
43 31 0
44 25 57 0
45 48 18 51 38 62 63 0
46 26 2 36 13 16 0
47 50 4 0
48 64 49 36 6 41 0
49 29 0
50 31 0
51 6 8 45 0
53 7 38 4 3 15 0
54 29 38 63 0
55 32 0
56 4 0
57 29 49 24 39 0
58 19 39 46 0
59 33 1 0
60 20 0
61 45 68 0
62 6 0
63 49 50 12 17 0
64 0
65 29 70 27 0
66 46 29 17 0
68 0
69 36 54 39 64 0
70 18 0
71 23 0
72 12 53 0
0
32 39 66 18 7 33 5 14 39 16 18 68 63 64 30 25 67 30 20 68 4 60 28 36 23 55 13 38 34 13 8 32 18
41
1 37 0
2 25 9 0
3 16 0
4 20 0
5 20 3 0
6 2 0
7 36 0
8 20 4 0
9 39 6 0
10 6 0
11 31 38 0
12 34 31 0
13 0
14 41 0
15 15 22 0
16 37 16 0
17 33 2 7 0
18 22 0
19 23 19 0
20 1 0
21 31 23 23 41 0
22 0
23 0
24 14 0
25 0
26 0
27 22 0
28 6 38 20 23 0
29 0
30 9 31 33 21 0
31 25 36 16 0
32 0
33 33 0
34 0
35 39 0
36 7 0
37 12 34 0
38 0
39 4 0
40 30 0
41 22 27 0
0
11 38 23 41 39 30 31 1 33 11 20 31
7
1 0
2 0
3 0
4 0
5 0
6 0
7 0
0
1 1
61
1 37 16 28 0
2 0
3 28 36 0
4 53 13 0
5 22 22 22 0
6 54 0
7 31 0
8 54 59 0
9 0
10 33 0
11 52 51 34 27 0
12 8 0
13 46 45 40 22 18 0
14 53 19 19 55 24 0
15 20 39 39 0
16 28 17 0
17 14 19 0
18 0
19 56 50 0
20 56 0
21 10 0
22 0
23 31 33 0
24 18 25 4 0
25 50 5 0
26 59 0
27 12 61 0
28 34 38 0
29 54 0
30 44 0
31 4 0
32 11 36 0
33 1 35 0
34 15 41 0
35 1 0
36 34 0
37 57 8 0
38 51 5 0
39 9 0
41 47 51 0
42 28 0
43 54 0
44 32 38 61 0
45 0
46 0
47 4 43 0
48 32 0
49 43 60 0
50 3 0
51 0
52 34 53 15 48 0
53 26 41 0
54 59 11 50 0
55 47 58 0
57 7 2 52 0
59 0
60 0
61 39 14 0
0
44 18 3 45 57 27 54 24 54 34 27 21 16 8 1 53 42 58 36 26 48 10 34 18 47 8 58 56 33 34 7 15 25 16 34 16 37 21 31 32 39 35 30 3 31
64
1 39 28 35 0
2 0
3 43 59 0
4 1 0
5 47 0
6 15 16 22 31 0
7 54 44 0
8 29 56 0
9 35 0
10 0
11 61 0
12 61 0
13 54 61 3 33 0
14 27 53 0
16 16 59 57 56 0
17 2 0
18 0
19 54 48 15 0
20 47 0
21 0
22 59 0
23 27 14 36 0
24 0
25 61 0
27 10 42 0
29 12 8 0
30 60 15 32 55 0
31 27 0
33 6 39 20 22 2 0
34 0
35 33 31 0
36 26 0
37 51 4 18 25 0
38 53 28 36 0
39 8 0
40 0
41 0
42 25 0
43 22 0
44 0
45 52 53 0
47 26 54 0
48 21 0
49 44 0
50 59 0
51 19 0
52 61 47 0
53 58 61 0
54 0
55 0
56 26 0
57 62 38 10 39 0
58 45 19 15 1 0
59 11 24 15 0
60 34 45 0
61 48 0
62 0
63 24 39 0
64 32 0
0
53 29 42 21 6 46 41 24 43 60 59 37 40 48 3 34 6 47 23 59 26 29 46 6 49 29 36 51 59 7 51 55 63 25 33 45 64 2 30 58 49 2 17 15 54 57 12 1 57 3 26 20 17 25
37
1 3 33 0
2 0
3 14 21 0
4 0
5 0
6 0
7 32 0
8 32 0
9 0
10 0
11 6 32 0
12 31 21 0
13 17 0
14 36 9 16 0
15 2 12 25 0
16 31 0
17 19 9 23 0
18 0
19 0
20 0
21 0
22 0
23 2 0
24 10 22 0
25 24 0
26 20 0
27 33 0
28 13 0
29 0
30 2 0
31 37 0
32 4 0
33 28 34 0
34 30 0
35 21 0
36 29 0
37 27 2 5 0
0
33 34 28 20 22 31 28 35 5 5 22 8 17 6 1 19 30 15 35 35 9 20 12 35 20 31 7 2 33 14 13 26 29 16
78
1 68 76 0
2 59 61 38 26 0
3 66 2 0
5 24 73 0
6 36 12 77 0
7 57 4 54 0
8 40 64 0
10 3 42 22 0
11 25 0
12 55 75 49 0
13 10 2 53 54 0
14 26 0
15 57 0
16 65 65 0
17 19 41 0
18 3 76 55 47 47 67 36 0
19 2 0
20 53 0
22 76 25 72 53 0
23 47 4 69 0
24 43 0
25 34 7 0
26 26 74 54 0
27 11 0
28 67 4 0
29 10 0
30 12 0
31 0
32 0
33 20 61 24 0
34 13 0
35 4 33 0
36 51 0
37 0
38 29 25 17 64 0
39 55 0
40 36 48 58 0
41 76 37 0
42 9 18 0
43 47 33 0
44 17 65 0
45 0
46 3 55 0
47 35 1 33 70 0
48 29 15 41 63 0
49 60 58 72 0
50 53 74 73 0
51 0
52 15 67 15 76 0
53 50 28 75 34 16 0
54 57 0
55 62 6 0
56 45 5 56 42 54 0
57 23 5 24 0
58 18 28 58 0
59 6 51 3 0
60 68 72 0
61 54 0
62 12 0
64 17 4 32 0
65 61 32 0
66 10 35 31 29 0
67 51 33 45 5 74 0
68 27 0
69 27 26 0
70 63 46 18 0
71 51 30 28 0
72 78 0
73 17 0
74 5 0
75 0
76 64 33 58 72 33 12 0
77 42 10 21 24 16 64 46 0
78 12 54 65 49 0
0
41 61 45 43 34 9 12 2 29 71 71 10 35 1 68 67 32 43 67 12 37 38 28 23 24 25 35 3 67 4 24 73 49 62 24 14 19 31 12 72 74 78
10
1 0
2 3 0
3 3 0
4 6 0
5 0
6 0
8 0
9 0
10 0
0
10 6 1 2 6 10 9 4 6 9 4
60
1 49 17 34 0
2 14 3 6 0
3 36 45 0
4 54 0
5 13 60 0
6 51 56 34 0
7 36 31 22 8 0
8 18 28 0
9 33 52 11 0
10 35 7 0
11 20 37 0
12 40 15 0
13 41 0
14 43 27 0
15 13 55 11 0
16 0
17 46 0
18 15 52 17 0
19 48 43 0
20 59 26 0
21 3 1 0
22 0
23 39 28 0
24 17 53 0
25 23 0
26 0
27 13 58 36 0
28 55 0
29 33 43 0
30 59 42 25 0
31 56 0
32 58 1 17 47 0
33 29 0
34 37 0
35 37 10 24 0
36 7 33 4 24 0
37 42 13 0
38 49 5 0
39 0
40 24 53 9 0
41 53 0
42 34 19 0
43 20 0
45 3 39 22 0
46 26 0
48 0
49 22 55 35 0
50 46 0
51 50 34 0
53 58 42 40 0
54 34 0
55 25 23 30 0
56 26 0
57 60 43 4 0
58 58 2 0
59 0
60 26 58 0
0
23 3 56 12 42 9 52 9 48 8 26 44 8 40 15 28 20 29 5 32 16 41 22 33
15
1 7 0
2 0
3 3 0
4 10 0
5 5 0
6 0
7 0
8 1 0
9 0
10 0
11 0
12 0
13 12 6 0
14 0
15 0
0
15 1 9 9 12 9 9 8 10 14 10 1 12 9 7 11
68
1 12 23 33 0
2 19 51 39 37 8 60 5 60 0
4 37 67 6 47 0
5 42 0
6 0
7 58 0
8 65 15 0
9 41 16 43 0
10 32 0
12 39 0
13 25 40 0
14 12 35 33 61 0
15 58 11 0
16 4 56 3 0
17 0
19 27 61 43 0
20 61 10 0
21 25 24 0
22 31 35 0
23 16 0
24 35 0
25 0
26 60 0
27 0
28 21 0
29 57 25 12 11 10 26 0
30 45 55 0
31 38 3 18 0
32 16 49 56 33 18 0
33 5 53 66 13 61 56 0
34 10 62 25 0
35 2 0
36 0
37 18 0
38 56 60 34 0
39 30 15 32 0
40 6 0
41 32 24 10 0
42 38 0
43 44 67 0
44 49 14 11 0
45 49 0
46 12 0
47 33 26 0
48 29 57 0
49 54 2 54 0
50 26 67 38 0
52 43 0
53 0
54 15 11 22 36 5 0
55 8 51 57 0
56 58 54 18 6 0
57 14 7 19 0
58 15 0
59 21 68 6 3 0
60 16 0
61 17 62 24 13 0
62 65 59 30 0
63 9 8 49 0
64 1 0
65 53 40 25 15 0
66 31 0
67 66 8 31 63 0
68 37 0
0
50 6 8 47 14 61 25 41 68 62 19 18 67 53 43 31 5 32 62 33 44 22 34 14 24 56 17 47 13 8 66 43 42 26 26 41 52 8 47 32 54 24 24 14 62 42 40 33 57 20 25
87
1 73 2 0
2 58 6 66 72 41 65 0
3 19 50 18 46 0
5 42 0
6 53 3 12 4 60 0
7 10 1 0
8 83 68 0
9 19 78 10 0
10 24 28 77 72 0
11 41 0
12 58 82 68 36 17 61 0
13 46 23 18 67 0
14 36 74 0
15 18 85 4 0
16 35 0
17 33 3 24 50 0
18 47 25 0
19 25 35 26 0
20 80 71 51 0
21 21 50 18 0
22 8 87 0
25 18 0
26 63 80 24 78 78 34 14 0
27 31 58 3 70 40 4 0
28 37 0
30 7 50 0
31 62 0
33 80 18 80 51 0
34 66 57 28 0
35 10 81 58 32 0
36 39 84 0
37 15 14 0
38 49 8 41 85 0
39 44 8 83 28 0
40 58 45 81 27 0
41 77 82 0
42 0
43 0
44 70 4 8 0
45 30 10 0
46 86 76 26 27 52 0
47 37 0
48 24 0
49 28 60 47 0
50 1 0
51 30 56 0
52 27 0
53 63 34 32 0
54 33 9 75 5 0
55 42 0
56 35 68 0
57 27 0
58 53 19 0
59 0
60 16 53 0
61 0
62 34 0
63 61 57 0
64 34 0
65 22 78 0
66 52 70 33 0
67 6 65 54 0
68 13 16 0
69 18 56 65 0
70 5 30 21 0
71 73 6 30 7 0
72 0
73 5 3 57 25 0
74 28 20 12 0
75 81 30 28 39 0
76 25 4 55 36 0
77 5 1 0
78 55 0
80 18 57 19 57 0
81 28 0
82 75 20 0
83 35 55 83 62 2 58 0
84 66 62 0
85 72 0
86 77 0
87 33 42 0
0
13 81 61 45 16 14 64 56 9 59 25 85 34 18
78
1 18 0
2 27 55 63 0
3 56 67 0
4 54 63 37 0
5 17 30 0
6 17 70 30 5 0
7 34 17 74 0
8 49 0
9 13 0
10 8 51 19 0
11 0
12 9 43 7 0
13 20 44 0
14 55 72 50 0
15 7 74 0
16 60 31 0
17 58 69 0
18 38 20 0
20 47 6 11 0
21 76 27 0
22 40 30 13 0
23 53 5 72 0
24 60 24 74 8 0
25 42 4 56 78 1 0
26 17 0
27 29 76 73 48 13 0
28 30 73 0
29 40 73 0
30 0
31 53 35 0
32 33 61 53 78 0
33 21 23 72 0
34 34 16 62 7 0
35 44 19 0
36 67 67 0
37 61 63 0
38 6 0
39 26 0
40 53 45 66 0
41 70 70 15 37 66 0
43 0
45 0
46 1 12 76 58 1 0
47 76 19 0
48 0
49 18 49 25 0
50 43 33 0
51 48 29 0
52 73 0
53 20 2 64 0
54 49 59 0
55 57 0
56 1 50 0
57 4 14 38 0
58 5 35 0
59 0
60 25 49 27 0
61 14 17 23 28 0
63 57 39 28 0
64 50 16 61 41 28 0
65 73 0
66 55 23 50 0
67 14 0
68 40 0
69 29 5 62 0
70 75 0
71 20 0
72 15 33 0
73 46 77 60 0
74 74 0
75 65 33 0
76 0
77 36 37 75 0
78 10 28 0
0
67 71 63 2 15 26 41 52 26 48 10 36 39 64 18 40 18 65 73 66 51 58 25 6 36 30 39 52 4 57 51 20 48 41 26 6 61 24 19 57 63 19 71 63 64 64 19 15 23 27 2 36 47 10 45 48 58 15 10 66 42 75 44 54 48 14 68 19
17
2 0
3 0
4 0
5 0
6 15 0
7 0
8 0
9 0
10 0
11 0
12 0
13 0
14 7 12 0
15 0
16 0
17 10 17 0
0
7 14 15 8 10 3 16 7
63
1 28 4 39 0
2 11 19 0
3 0
5 1 11 0
7 36 0
8 6 20 0
9 56 0
10 0
11 47 59 0
12 8 60 0
13 4 0
14 34 23 56 1 0
15 39 0
16 10 7 61 3 0
17 21 30 35 50 0
18 0
19 59 0
20 43 19 54 60 44 61 0
21 52 48 0
22 24 47 12 0
23 42 17 0
24 22 0
25 0
26 39 12 0
27 50 0
28 36 35 0
29 20 25 11 0
30 8 0
31 38 6 0
32 0
33 11 35 10 0
34 25 9 6 0
35 56 54 0
36 0
37 0
38 42 42 39 30 0
39 0
40 62 14 24 1 48 42 0
41 4 53 39 6 0
42 18 19 0
43 58 59 0
44 0
45 62 35 0
46 33 0
47 63 60 10 0
48 0
49 46 36 45 0
50 0
51 39 39 7 19 0
52 58 24 12 0
53 0
54 0
55 35 24 0
56 34 0
57 0
58 0
59 26 5 12 24 0
60 0
61 41 39 0
62 49 56 0
63 0
0
31 16 29 50 40 4 52 15 50 34 17 48 29 21 30 2 27 31 17 63 52 5 44 27 46 11 5 60 51 20 2 59
49
1 0
2 21 0
3 6 0
5 0
6 36 0
7 45 0
8 7 40 0
9 25 5 23 0
10 28 0
11 0
12 4 10 0
13 13 0
14 10 47 0
15 25 0
16 4 33 31 5 0
17 15 0
18 0
19 8 43 0
20 21 17 21 23 0
21 0
22 11 10 0
23 0
24 9 45 42 0
25 45 0
26 37 4 23 0
27 42 0
30 25 0
31 13 0
32 0
33 30 0
34 16 47 29 2 0
35 40 23 0
36 14 45 0
37 43 26 0
38 29 46 28 0
39 0
40 0
41 11 0
42 20 7 0
43 0
44 40 0
45 49 0
46 0
47 0
48 2 14 0
49 21 13 0
0
47 32 47 40 48 33 5 25 9 12 48 27 35 36 49 1 44 44 16 26 6 24 3 33 23 46 30 36 21 2 28 4 4 31 35 19 33 18 20 11 21 11 33 16 38 11 36 24
70
1 5 0
2 63 53 0
3 62 0
4 50 1 17 0
5 43 27 0
6 62 31 0
7 0
8 20 11 27 0
9 37 22 36 49 0
10 5 64 0
11 57 0
12 49 0
13 70 23 0
14 0
15 38 0
16 65 0
17 62 10 24 23 53 0
18 59 35 0
19 0
20 2 0
21 39 12 7 42 0
22 0
23 0
24 0
25 0
26 0
27 18 17 17 35 0
28 15 60 0
29 12 0
30 16 33 36 7 0
31 0
32 56 27 54 0
34 43 0
36 67 62 0
37 62 38 0
38 53 48 14 56 0
39 68 0
40 32 5 0
41 37 0
42 53 49 31 18 0
43 37 23 4 7 0
44 8 0
45 0
46 0
47 31 35 0
48 36 56 14 54 0
49 9 54 30 0
50 13 55 42 0
51 35 63 25 6 0
52 23 60 44 0
53 18 10 48 0
54 58 54 0
55 70 0
56 22 0
57 32 0
58 17 53 34 54 9 0
59 0
60 0
61 6 55 53 32 0
62 17 33 9 67 68 68 0
63 66 67 6 0
64 63 0
65 0
66 29 0
67 62 4 0
69 59 58 50 0
0
45 33 58 10 64 31 14 69 39 57 61 48 61 39 29 62 65 4 33 35 14 30 37 31 10 25 19 46 26 50 63 10 8 17 11 58 40 11 36 59 32 44 41 66 7 56
51
1 14 0
2 0
3 10 18 31 16 0
4 31 29 0
5 0
6 22 0
7 31 0
8 21 0
9 14 0
10 36 42 0
11 7 1 0
12 21 37 41 0
13 36 5 26 0
14 44 17 35 36 0
15 15 49 0
16 23 0
17 21 20 40 0
18 4 0
19 28 0
20 0
21 22 0
23 35 32 20 0
24 42 0
27 0
28 23 0
29 17 0
30 45 31 0
31 22 41 24 0
32 0
33 44 28 0
34 37 33 0
35 19 37 5 0
36 9 0
37 43 40 1 11 0
38 17 0
39 6 4 0
40 36 39 21 0
41 1 32 0
42 48 0
43 7 41 0
44 24 0
45 36 33 13 6 0
46 0
47 0
48 28 0
49 42 0
50 13 28 19 45 27 45 38 0
51 0
0
1 44
79
1 28 11 0
2 29 34 70 0
3 26 33 73 66 76 0
4 15 56 12 0
5 59 0
6 24 0
7 1 0
8 27 17 53 0
9 49 0
10 1 74 19 0
11 46 0
12 60 0
13 14 0
14 23 25 64 79 37 0
15 65 43 65 0
16 60 13 35 0
17 12 0
18 25 0
19 78 69 27 0
20 27 34 44 70 0
21 0
22 31 22 0
23 0
24 35 0
25 67 59 66 75 32 0
26 70 5 0
27 4 13 73 0
28 36 0
30 0
31 72 41 3 0
32 16 0
33 36 13 0
34 6 0
35 62 0
36 13 61 0
37 11 10 65 0
38 59 79 0
39 50 75 4 0
40 34 65 0
41 36 0
43 78 74 0
44 26 47 0
45 58 13 0
46 53 11 55 71 29 79 78 0
47 1 19 37 71 0
48 65 0
49 0
50 79 0
51 39 68 49 0
52 20 32 0
53 39 68 0
54 19 0
55 79 38 9 0
56 48 0
57 69 77 68 0
58 47 35 52 0
59 12 19 69 0
60 24 0
61 37 38 38 65 59 0
62 14 0
63 50 3 14 26 0
64 64 0
65 62 56 0
66 0
67 21 42 27 0
68 40 79 16 77 72 1 0
69 0
70 58 15 24 1 37 24 0
72 61 78 0
73 22 6 0
74 43 39 0
75 21 3 71 37 0
76 0
77 59 0
78 36 32 63 14 0
0
64 74 58 56 73 21 59 23 40 17 17 65 76 70 79 37 72 13 12 62 57 52 53 35 16 53 46 20 73 2 5 52 44 78 62 77 59 9 37 12 50 9 42 60 59 64 48 62 27 56 7 65 64 60 30 73 36 17 23 32 46 50 20 74 43
44
1 30 0
2 4 34 9 0
3 32 0
4 40 0
5 0
6 22 0
7 1 0
8 0
9 40 31 28 0
10 27 21 0
11 0
14 0
15 38 24 35 37 4 0
16 0
17 8 0
18 0
20 19 0
21 41 2 36 0
22 10 19 0
23 12 0
24 0
25 8 0
26 1 0
28 0
29 0
30 0
31 9 0
32 0
33 15 40 18 0
34 7 0
35 28 0
36 34 0
37 0
38 33 0
39 29 2 0
40 0
41 23 17 9 31 0
42 40 5 0
43 0
44 35 13 0
0
19 5 33 6 34 38 15 8 19 21 20 40 30 26 23 6 44 1 29 44
63
1 2 0
2 13 42 0
3 45 0
4 47 0
5 7 27 20 63 0
6 14 0
7 7 0
8 19 31 0
9 15 0
10 5 28 36 0
11 0
12 15 13 5 0
13 41 0
14 0
15 62 57 27 0
16 37 58 0
17 3 54 0
18 58 32 0
19 30 53 13 0
20 46 0
21 8 12 7 0
22 0
23 46 0
24 4 0
25 43 17 27 0
26 28 0
27 17 36 29 23 7 0
28 50 0
29 40 34 59 11 0
30 6 59 6 7 0
31 56 55 0
32 26 24 63 0
33 43 25 2 14 20 57 0
34 41 42 0
35 0
36 57 39 0
37 43 55 0
38 55 31 0
39 5 0
40 62 0
41 49 29 0
42 37 0
43 63 62 63 0
44 63 0
45 0
46 56 53 0
47 36 0
48 51 1 0
49 48 0
50 45 13 0
51 3 44 0
52 42 21 14 0
53 5 0
54 22 0
55 30 0
56 21 45 0
57 34 42 17 6 0
58 12 23 35 0
59 34 13 52 0
60 0
61 51 0
62 0
63 63 8 53 27 22 29 0
0
31 16 40 31 4 36 25 1 42 55 22 14 52 5 29 15 10 37 49 57 29 34 34 58 55 63 20 57 42 61 40 49
57
1 34 40 0
2 13 13 0
3 48 49 2 0
4 50 0
5 19 51 41 0
6 47 31 40 0
7 12 34 11 0
8 0
9 4 0
10 14 6 0
11 42 49 23 0
12 26 0
13 13 17 17 30 0
14 54 0
15 3 45 7 2 0
16 8 36 50 0
17 40 35 30 0
18 39 0
19 20 0
20 2 3 0
21 35 4 0
22 38 9 0
23 23 24 0
24 24 9 54 0
25 9 11 0
27 0
28 43 0
29 0
30 8 0
31 5 0
32 22 20 0
33 41 0
34 49 0
35 5 0
36 14 0
37 48 0
38 0
39 18 0
40 44 0
41 18 8 0
42 0
43 40 0
44 33 0
46 35 0
47 36 0
48 50 0
49 33 8 10 7 45 0
50 52 39 41 0
51 0
52 8 1 0
53 22 23 18 46 0
54 22 0
55 21 0
57 40 39 11 3 3 0
0
54 43 30 28 33 16 28 10 13 13 14 13 55 2 32 26 11 4 11 14 35 33 23 30 46 19 23 24 2 2 2 39 47 38 29 56 4 41 49 30 11 34 17 18 16 9 36 16 38 50 16 29 6 24 45
10
1 0
2 0
3 10 0
4 0
5 0
6 0
7 6 0
8 0
9 6 0
10 0
0
1 8
56
1 31 45 8 43 22 0
2 42 0
3 36 13 0
4 3 53 0
5 0
6 17 14 7 0
7 45 51 10 54 0
8 14 32 21 8 0
9 31 6 37 0
10 51 16 0
11 20 18 15 0
12 44 10 33 56 0
13 49 5 0
14 56 4 0
16 23 52 31 0
17 7 18 0
18 49 47 25 3 0
19 30 0
20 8 1 0
21 1 27 0
22 0
23 32 0
24 16 0
25 0
26 31 11 0
28 46 0
29 49 0
30 39 25 0
31 16 0
32 14 19 56 0
33 35 45 0
35 29 0
36 25 0
37 30 0
38 3 0
39 53 0
40 53 9 18 0
41 0
42 0
43 2 0
44 18 42 0
45 26 0
46 44 52 0
47 56 0
49 0
50 50 10 0
51 14 33 0
52 0
53 4 8 0
54 2 0
55 0
56 29 40 0
0
41 15 37 46 45 7 27 35 56 21 6 41 4 34 2 35 41 52 55 40 21 29 24 17 47 29 13 42 10 8 25 54 20 15 7 38 19 48 1 13 15 49
42
1 0
2 31 0
3 11 7 0
4 1 0
5 34 39 16 33 39 41 0
6 14 14 0
7 15 0
8 0
9 41 11 29 0
10 22 0
11 5 0
13 0
14 0
15 19 12 0
16 37 0
17 14 0
18 38 5 0
19 6 6 32 0
20 14 0
21 20 16 0
22 9 42 0
23 14 31 0
24 24 0
25 22 35 0
26 29 27 0
28 0
29 25 0
31 37 0
32 37 0
33 33 0
34 0
35 40 22 0
36 14 12 0
37 41 41 7 0
38 0
39 0
40 27 33 0
41 9 0
42 0
0
8 30 25 20 15 9 29 8 40
28
1 0
2 0
3 19 0
4 16 0
5 0
7 0
8 0
9 8 26 0
10 0
11 11 0
12 0
13 0
15 0
17 0
18 0
19 0
21 21 0
22 18 0
23 11 22 0
24 19 0
25 16 14 0
26 18 0
28 15 0
0
19 11 27 16 24 21 9 27 23 24 4 9 2 15 8 25 10 21 17 17
95
1 13 80 55 13 53 0
2 24 87 95 30 21 13 0
3 0
4 73 94 24 13 0
5 60 34 30 33 66 0
6 88 52 34 36 0
7 4 47 0
8 59 49 22 0
9 19 45 31 93 90 0
10 73 59 0
11 70 15 86 52 9 75 42 0
12 13 34 74 29 3 25 27 37 0
13 20 30 45 89 65 0
15 7 16 85 3 0
16 28 11 28 49 0
17 68 54 62 0
18 31 55 77 0
19 85 17 82 72 77 0
20 0
21 55 57 92 0
22 37 45 71 0
23 43 51 0
24 18 87 68 0
25 19 0
26 21 93 85 84 49 78 0
27 62 39 0
28 53 73 0
29 64 56 0
30 22 50 0
31 13 0
32 20 84 0
33 36 51 55 27 0
34 35 18 0
35 87 61 0
36 56 69 18 0
37 21 27 79 16 53 0
38 56 45 83 0
39 92 17 0
40 92 4 32 0
41 85 0
42 15 54 82 0
43 32 86 21 0
44 90 78 94 22 0
45 27 0
47 91 37 0
48 0
49 20 22 0
50 55 60 34 0
52 66 28 0
53 73 23 62 13 9 0
54 88 3 0
55 69 20 0
56 1 0
57 28 52 0
58 48 61 94 59 54 67 0
59 31 8 0
60 78 69 33 42 15 0
61 46 0
62 17 0
63 72 26 89 0
64 37 66 0
65 37 48 2 63 92 0
66 42 0
67 18 84 28 0
68 80 25 0
69 45 0
70 75 70 25 82 0
71 32 9 0
72 45 58 28 56 82 0
73 37 17 2 79 41 0
74 35 5 66 23 13 0
75 19 0
76 0
78 37 26 27 0
79 57 46 33 0
80 15 85 95 75 0
81 91 0
83 0
84 61 76 11 0
85 61 0
86 80 0
87 78 61 1 12 50 0
88 36 82 92 75 93 0
89 49 2 74 86 50 79 0
90 6 80 0
92 12 41 19 47 44 50 0
93 66 13 59 29 78 0
94 46 75 0
95 56 4 0
0
83 13 93 6 5 36 43 1 16 81 4 34 88 61 48 92 79 85 74 16 86 15 80 24 76 95 93 49 48 58 30 43 63 22 38 78 89 21 17 12 82 90 11 62 33 51 19 2 94 28 6 28 55 90 43 46 3 16 52 43 73 49 89 50 32 16 44 84 65 44 61 61 6 49 74 50 95 57 72 31 76 33 79 34
69
1 12 7 0
2 0
3 55 4 16 46 0
4 64 47 39 8 0
5 10 5 45 0
6 0
7 52 0
8 33 0
9 0
10 9 37 15 0
11 32 41 33 27 0
12 26 0
13 44 12 24 47 0
14 62 0
15 37 67 53 0
16 15 2 55 0
18 14 0
19 21 44 29 0
20 36 1 0
21 0
22 31 20 0
23 3 0
24 14 0
25 3 11 65 4 0
26 51 55 0
27 34 59 65 0
28 5 62 42 22 0
29 0
30 0
31 56 15 48 37 0
32 0
33 51 40 47 0
34 12 34 0
35 49 63 0
36 27 20 0
37 1 46 69 63 0
38 0
39 60 9 0
41 10 4 53 0
42 57 17 0
43 28 18 37 37 64 0
44 30 42 39 31 3 0
45 45 26 0
46 34 24 49 0
47 45 0
48 2 8 20 0
49 23 19 44 0
50 8 16 41 3 26 0
51 63 59 49 0
52 36 38 68 0
53 5 25 0
54 69 63 0
55 69 53 0
56 0
57 54 0
58 6 49 18 0
59 49 64 5 65 0
60 48 57 53 0
61 42 51 0
62 51 31 22 12 0
65 2 38 18 19 0
66 67 25 9 32 52 0
67 0
68 41 48 33 38 67 0
69 49 36 58 8 0
0
39 57 59 6 14 41 64 8 21 27 31 40 33 31 62 33 12 34 65 29 24 50 42 68 34 13 53 59 23 19 58 3 57 14 27 9 4 45 29 15
7
1 0
2 0
3 0
4 0
5 0
6 1 0
7 0
0
1 3
40
1 24 11 32 0
2 2 0
3 30 0
4 19 0
5 18 40 0
6 0
7 0
8 20 25 0
9 6 1 0
11 22 26 40 0
12 16 35 0
13 0
14 16 0
15 17 19 0
16 11 6 0
17 9 4 17 0
18 34 0
20 4 23 0
21 2 3 0
22 13 0
23 0
24 30 0
25 15 0
26 24 0
27 15 9 22 0
29 6 0
30 0
31 0
32 31 0
33 0
34 0
35 13 0
36 40 2 14 0
38 39 30 0
39 29 34 18 6 39 0
40 21 0
0
19 11 38 34 37 24 38 9 30 22 21 34 2 40 4 18 21 18 39 2
79
1 64 55 25 3 68 0
2 43 46 0
3 61 2 64 47 0
4 27 0
5 62 0
6 44 21 0
7 40 0
8 0
9 57 0
10 20 23 73 0
11 15 24 0
12 38 75 0
13 51 48 68 0
14 9 0
15 65 0
16 4 33 67 35 0
17 4 41 59 0
18 0
20 63 73 0
21 0
22 1 0
23 9 0
24 30 0
25 76 5 0
26 65 0
27 60 0
28 5 0
29 25 60 0
30 43 40 26 26 0
31 57 59 0
32 51 0
33 15 47 52 0
34 21 48 72 0
35 55 6 0
36 60 0
37 27 50 0
38 60 45 0
39 4 0
40 20 0
41 4 70 0
42 63 3 64 0
43 31 38 34 41 0
44 25 74 78 73 0
45 70 59 0
46 25 27 0
47 42 0
48 18 7 30 0
49 69 1 0
50 0
51 39 38 28 0
52 53 0
53 39 0
54 14 0
55 68 4 8 5 0
56 15 27 0
57 71 27 35 0
58 27 44 0
59 58 77 12 36 0
60 66 56 63 78 0
61 19 76 30 33 73 48 0
63 48 8 0
64 0
65 58 7 0
66 25 17 18 24 0
67 0
69 6 30 0
70 60 0
71 35 0
72 18 26 0
73 72 41 3 51 0
74 9 58 0
75 43 26 42 0
76 62 24 63 0
77 66 15 50 51 0
78 22 15 67 61 0
79 50 0
0
60 7 58 46 17 36 56 7 68 62 44 69 66 27 46 7 14 19 64 49 24 15 44 54 37 63 50 32 34 5 78 33 70 34 68 1 23 42 15 18 17 33 8 17 20 37 49 48 24 47 68 74 75 39 3 33 9 33 75 53 14
6
1 0
2 0
3 0
4 0
5 0
6 0
0
1 4
98
1 90 82 81 46 0
2 55 10 0
3 92 42 77 25 0
4 65 23 0
5 0
6 36 27 63 0
7 87 19 0
8 44 89 0
9 48 10 72 0
10 73 0
11 33 2 0
12 95 11 97 22 32 0
13 12 29 5 4 0
14 4 68 39 0
15 15 67 44 0
16 45 43 66 46 0
17 77 23 71 73 65 0
19 16 65 86 7 49 43 26 16 50 0
20 69 0
21 31 0
22 35 0
23 64 27 28 4 0
24 9 17 0
25 0
26 51 0
27 1 25 94 45 24 0
28 67 39 78 7 0
29 50 2 0
30 4 25 40 29 92 0
31 40 0
32 15 59 87 67 0
34 61 92 74 22 96 38 59 0
35 35 69 56 0
36 25 54 36 0
37 25 32 0
38 3 17 0
39 31 12 12 0
40 28 11 76 0
41 33 25 0
42 56 0
43 4 49 21 79 96 0
44 47 18 34 0
45 83 47 0
46 36 81 38 6 0
47 19 92 0
48 16 92 0
49 11 21 0
50 75 63 94 0
51 42 56 0
52 30 45 12 22 32 0
53 16 89 64 59 54 31 20 17 98 0
54 8 11 60 34 45 0
55 15 0
56 83 0
57 82 0
58 63 86 94 71 0
59 5 96 42 0
60 92 94 54 0
61 40 2 89 51 0
62 94 84 82 44 0
63 71 3 85 68 0
64 20 14 0
65 6 41 66 25 0
66 88 0
67 56 59 0
68 80 73 0
69 55 14 79 0
70 36 12 67 0
71 46 86 52 0
72 50 36 0
73 46 59 0
74 76 56 70 97 0
75 22 97 87 36 50 15 95 0
76 64 0
77 42 62 54 64 6 0
78 95 88 70 0
79 10 67 0
80 77 0
81 22 5 65 0
82 5 18 91 72 0
83 57 0
85 37 95 64 45 8 0
86 37 9 15 44 0
87 46 0
88 28 83 0
89 20 93 63 76 45 1 0
91 64 3 36 0
92 87 68 21 71 22 0
93 11 46 0
94 2 0
95 93 93 0
96 10 0
97 47 47 9 91 0
98 42 68 0
0
83 16 15 73 82 37 14 50 93 63 66 82 13 15 82 52 98 9 86 46 2 90 71 31 1 57 45 53 80 65 92 53 69 12 15 38 93 39 55 96 67 43 23 92 52 25 94 85 72 30 38 71 1 93 78 51 57 3 95 19 97 87 77 54 91 94 50 40 25 19 19 82 83 90 38 18 66 82 2 38 97 81 48 55
47
1 32 36 0
2 9 20 22 0
3 23 0
4 2 40 0
5 0
6 26 0
7 31 26 0
8 34 11 0
9 0
10 11 35 0
11 22 15 9 0
12 0
13 23 0
14 0
15 14 8 0
16 6 27 0
17 44 20 0
18 0
19 27 37 0
20 0
21 0
22 0
23 45 28 0
24 0
26 39 0
27 0
28 45 32 11 12 0
29 10 0
30 0
31 21 35 0
32 14 0
33 8 8 24 0
34 2 0
35 0
36 7 43 0
38 0
39 26 24 26 0
40 26 19 0
41 36 0
42 43 0
43 13 0
44 19 0
45 4 9 26 0
46 1 43 30 25 0
47 6 33 11 18 2 0
0
26 19 42 23 40 7 31 42 6 20 16 9 31 8 33 7 41 39 11 40 10 29 25 42 35 30 12
17
1 3 5 0
2 4 0
3 6 0
4 1 0
5 16 0
6 11 1 9 0
7 14 0
8 7 0
9 9 0
10 17 0
11 9 0
12 0
13 14 13 0
14 0
15 0
16 8 3 0
17 0
0
2 8 6
6
1 0
2 0
3 0
4 0
5 0
6 0
0
6 5 3 3 4 3 2
86
1 11 16 55 0
2 49 69 0
3 53 50 30 44 0
4 34 8 0
5 26 0
6 79 51 50 30 69 0
7 10 85 29 85 0
8 0
9 49 6 52 0
10 80 3 44 0
11 26 0
13 22 26 70 0
14 28 9 63 0
15 14 18 79 0
16 46 44 0
17 11 0
18 43 0
19 50 5 23 0
21 63 0
23 69 60 13 37 0
24 6 0
25 25 5 2 28 63 0
26 83 18 20 66 0
27 24 4 29 0
28 57 42 7 65 0
29 41 13 57 32 0
31 14 3 0
33 32 0
34 7 0
35 70 37 0
36 77 0
37 31 41 0
38 58 3 8 0
39 6 55 0
40 22 69 0
41 14 0
42 17 0
43 77 29 13 0
44 68 0
45 7 69 19 27 78 76 68 37 0
46 34 26 84 0
47 79 38 0
48 0
50 78 0
51 26 12 0
52 33 18 7 0
53 74 0
54 0
55 42 0
56 50 30 0
57 78 48 0
58 56 8 80 77 53 0
59 49 20 0
60 43 74 41 78 0
61 10 75 21 0
62 65 84 52 51 0
63 62 0
64 28 0
65 76 56 36 0
66 48 80 26 57 0
67 75 71 83 0
68 23 3 17 0
69 67 63 15 0
70 10 63 0
71 1 10 24 0
72 80 71 8 0
73 9 42 0
74 83 35 60 44 60 0
75 45 0
76 28 45 70 0
77 49 15 0
78 64 0
79 0
80 81 63 0
81 25 0
82 30 78 83 0
83 2 35 17 0
84 9 31 61 50 53 0
85 65 0
86 28 0
0
73 39 7 61 4 41 80 77 46 77 21 61 27 61 72 25 77 85 17 76 24 31 59 31 43 72 78 62 48 76 76 51 47 12 79 66 85 3 17 61 81 67 84 80 14 3 7 68 56 19 35 76 27 45 17 4 46 79 59 35 1 62 17 78 4 18 49 52 44 48 20 54 69 55
83
1 2 20 45 1 36 0
2 83 0
3 41 33 39 25 56 71 66 0
4 0
5 14 0
6 2 45 74 72 73 7 0
7 15 0
9 25 12 39 49 0
10 3 68 0
11 65 0
12 32 17 0
13 33 19 0
14 70 66 52 21 19 0
15 48 21 39 29 0
16 82 0
17 7 79 81 52 25 0
18 0
19 43 73 0
20 47 63 31 0
21 72 3 0
22 67 48 71 0
23 67 60 0
24 47 56 10 0
25 0
26 27 4 69 0
27 41 76 0
28 0
29 73 49 37 0
30 74 65 26 0
31 79 52 0
32 81 0
33 0
34 44 36 45 0
36 10 7 41 51 32 0
38 68 57 35 0
39 42 56 0
40 52 0
41 82 15 83 19 65 0
42 0
43 0
44 14 45 51 47 0
45 42 16 56 0
46 48 52 50 0
47 42 12 65 0
49 55 32 0
50 43 81 32 29 0
51 0
52 31 0
53 76 55 0
54 67 64 0
55 3 0
56 66 30 0
57 33 1 73 68 0
58 26 29 13 0
59 75 16 0
60 3 0
61 22 33 40 65 0
62 15 22 0
63 55 25 0
65 82 81 14 0
66 17 38 67 38 0
67 78 0
68 29 51 0
69 46 43 0
70 5 68 0
71 71 33 73 59 30 70 7 0
72 80 4 32 0
73 77 0
74 21 0
75 37 0
76 55 14 0
77 76 26 0
78 62 69 43 0
79 22 14 79 0
80 72 80 81 79 0
81 83 73 0
82 39 0
83 36 9 80 28 0
0
70 26 40 30 39 24 69 72 71 9 75 38 48 69 3 24 72 22 20 4 60 80 71 32 76 40 63 41 23 37 66 21 80 14 69 76 62 66 69 63 2 24 3 27 65 51 24 65 11 18 39 44 72 43 54 33 43 68 11 66 83 58 80 57 3 9 55 74 6 83 58
41
1 0
2 29 0
3 36 0
4 0
5 28 0
6 3 0
7 7 0
9 0
10 38 9 36 0
11 0
12 0
13 38 32 0
14 9 17 0
16 2 41 0
17 24 0
19 17 0
21 0
22 3 0
23 38 34 18 0
24 20 25 33 24 0
25 0
26 13 0
27 21 11 0
28 12 0
29 27 0
30 0
31 8 0
32 36 0
33 27 0
34 7 0
35 0
36 20 0
37 25 26 0
38 0
39 0
40 0
41 39 3 37 0
0
8 41 29 12 36 5 12 9 17
1
1 0
0
1 1
40
1 0
2 34 19 0
3 0
4 37 0
5 4 8 27 32 0
6 0
7 20 0
8 36 5 0
9 16 27 0
10 16 27 0
11 24 0
12 37 31 14 0
13 34 22 0
14 28 22 0
15 0
16 3 25 0
17 25 22 3 39 9 0
18 31 0
19 0
20 2 19 17 0
21 3 12 11 0
22 8 0
23 22 0
24 0
25 36 38 1 4 0
26 0
27 9 20 0
28 38 35 0
30 8 0
31 20 23 0
32 26 1 0
33 0
34 0
35 24 0
36 7 14 0
37 0
38 0
40 0
0
18 3 12 32 32 35 39 39 34 20 16 14 11 21 27 16 28 16 32
9
1 6 3 0
2 0
3 0
4 0
6 7 0
7 3 0
8 0
9 0
0
6 5 2 9 4 5 4
99
1 6 41 64 0
2 61 0
3 97 34 57 0
4 28 90 15 27 0
5 71 2 0
6 86 64 66 0
7 43 0
8 66 75 21 6 0
9 43 68 0
10 64 2 72 91 0
11 78 11 25 24 0
12 19 0
14 76 54 50 84 0
15 79 39 34 42 0
16 89 66 0
17 73 40 22 0
18 77 6 14 12 0
19 75 72 0
20 9 11 0
21 35 0
22 2 99 7 88 66 53 0
23 48 52 78 51 8 0
24 87 7 0
25 32 57 38 90 0
26 75 63 82 71 36 12 0
27 48 50 37 0
28 7 47 0
31 75 28 0
32 4 47 92 65 0
34 39 59 9 0
35 0
36 27 7 0
37 53 8 0
38 68 95 48 97 0
39 2 47 63 0
40 66 82 94 0
41 79 94 23 5 43 0
42 55 42 0
43 59 31 95 0
44 63 47 11 0
45 19 56 95 0
46 59 93 45 0
47 92 37 0
48 50 28 76 58 24 0
49 95 0
50 59 0
51 61 71 0
52 92 15 0
53 45 91 32 62 92 0
54 9 49 0
55 48 69 97 7 0
56 8 89 62 56 27 0
57 49 0
58 36 57 30 53 77 0
59 0
60 98 33 89 70 0
61 56 0
62 61 19 69 99 98 0
63 24 90 2 11 41 0
64 0
65 60 45 32 0
66 5 62 0
67 68 63 48 71 0
69 51 70 18 21 0
70 13 15 0
71 34 0
72 65 76 0
73 46 12 1 0
74 92 8 48 0
75 68 96 16 50 0
76 77 14 92 94 0
77 24 46 25 0
78 59 80 42 36 0
79 79 59 85 38 19 0
80 60 8 0
81 15 0
83 17 36 40 0
84 42 0
85 50 91 0
86 82 0
87 90 4 37 26 0
88 41 50 75 0
89 21 48 0
90 61 48 69 0
91 86 0
92 53 67 0
93 6 80 0
94 4 64 0
95 64 59 0
96 35 84 0
97 34 59 25 99 1 0
98 97 17 0
99 34 41 0
0
31 56 3 91 11 40 26 5 71 34 96 54 89 17 43 95 72 90 79 81 42 82 93 64 35 29 55 98 39 73 69 87
37
1 1 0
2 0
3 0
4 9 0
5 0
6 33 6 12 1 0
7 13 0
8 15 23 0
9 23 0
10 13 0
12 31 0
13 29 0
14 0
15 5 20 0
16 29 0
17 1 0
18 4 33 0
19 25 15 32 0
20 6 35 0
21 10 0
22 2 25 0
23 31 0
25 0
26 31 0
27 0
28 26 0
29 5 0
30 4 21 0
31 0
32 1 12 5 0
33 2 0
34 37 0
35 9 0
36 12 0
37 33 0
0
18 1 1 14 6 1 17 21 29 25 35 2 1 14 6 14 34 12 19
56
1 6 0
2 16 48 13 0
3 19 2 0
4 54 0
5 23 29 0
7 0
8 10 0
9 14 10 1 0
10 9 0
11 6 0
12 0
13 1 0
14 30 49 45 0
15 4 0
17 51 33 0
18 32 20 0
19 55 0
20 28 17 0
21 17 0
22 28 18 55 53 0
23 40 13 14 53 45 0
24 3 34 1 0
25 18 43 8 0
27 9 6 34 0
28 53 2 4 28 42 0
29 53 33 0
30 4 52 22 35 0
31 0
32 45 41 0
33 0
34 52 13 13 0
35 4 3 52 0
36 56 42 21 0
37 0
38 47 4 35 0
39 13 35 21 0
40 24 38 0
41 39 0
42 0
43 38 4 0
44 55 35 0
45 41 0
46 0
47 0
48 52 22 0
49 18 21 27 0
50 39 0
51 47 28 0
52 0
53 0
54 16 50 0
55 17 0
56 26 56 0
0
18 30 20 1 26 11 17 45 11 36 53 39 9 21 21 34 25 41 38
39
1 39 24 0
2 1 32 1 0
3 0
4 23 0
5 19 39 0
6 15 13 0
7 12 0
8 18 0
9 16 39 0
10 0
12 27 21 39 0
14 39 0
15 0
16 25 35 0
17 30 38 0
19 37 0
20 0
21 21 0
22 0
23 20 6 26 0
25 0
26 19 34 10 0
27 30 0
28 8 2 0
29 0
30 2 20 0
31 38 39 18 0
32 37 0
33 0
34 4 0
35 29 7 0
36 33 0
37 28 0
38 38 29 0
39 38 15 0
0
14 14 5 39 9 18 6 15 7 11 4 33 1 22 31
15
1 0
2 8 7 7 0
3 0
4 0
5 0
8 0
10 0
11 0
12 13 0
13 0
14 0
15 0
0
8 6 13 1 14 14 3 3 15
3
1 0
2 0
3 0
0
1 1
78
1 52 71 43 0
2 4 61 0
3 33 0
4 41 10 46 0
5 40 37 0
6 37 47 0
7 14 19 54 0
8 15 0
9 38 45 0
10 0
11 72 13 0
12 48 30 67 22 49 38 7 0
13 3 0
14 33 46 45 71 0
15 59 0
16 48 0
17 67 59 0
18 8 55 0
19 42 45 57 9 64 38 38 0
20 67 0
21 78 15 0
22 72 45 0
23 14 73 73 0
24 3 46 25 0
25 18 0
26 57 66 31 0
27 0
28 72 46 0
29 53 40 69 0
30 9 0
31 75 0
32 3 42 0
33 7 7 7 0
34 74 16 0
35 76 27 6 56 0
36 59 42 0
37 32 16 0
38 38 28 0
39 35 19 33 4 56 0
40 39 0
41 68 23 5 34 0
42 71 42 0
43 23 77 45 0
44 16 0
45 28 72 12 70 0
46 5 34 33 60 39 76 0
47 34 60 0
48 0
49 26 0
50 61 56 0
51 0
52 12 30 0
53 72 0
54 17 52 47 35 0
55 76 0
56 0
57 76 17 14 76 0
58 64 27 35 0
59 41 47 0
60 45 73 61 52 0
61 25 61 71 0
62 63 73 16 0
63 32 57 0
64 8 24 0
65 72 0
66 0
67 37 11 38 54 0
68 8 66 32 30 41 0
69 42 38 41 0
70 14 0
71 47 65 0
72 59 23 0
73 36 0
74 1 77 27 0
75 0
76 72 0
77 22 0
78 65 0
0
70 9 42 44 44 12 21 14 22 23 26 33 68 29 69 73 46 57 43 20 77 27 16 50 36 69 75 51 5 54 47 33 7 34 60 31 12 56 27 12 24 56 53 33 31 25 19 40 23 22 4 17 61 76 30 11 60 46 2 62 41 29 63 1 73 67 38 37 4 20 64
56
1 52 0
2 47 51 0
3 26 37 0
4 36 0
5 4 0
6 19 0
7 36 0
8 55 0
9 0
10 18 20 0
11 28 11 0
12 6 13 0
13 7 45 36 0
14 2 0
15 0
16 8 40 0
17 12 0
18 9 38 0
19 5 0
20 45 0
21 33 31 28 53 0
22 0
23 43 4 0
24 41 53 0
25 11 0
26 41 0
27 48 1 48 8 0
28 53 32 0
29 14 22 0
30 54 37 53 0
31 10 0
32 32 0
33 25 56 0
34 43 46 0
35 6 37 45 6 0
36 26 0
37 1 0
38 48 13 0
39 48 0
40 31 0
41 56 33 20 0
42 1 43 39 18 9 0
43 31 54 0
44 54 31 0
45 8 1 14 3 0
46 51 0
47 0
48 3 14 30 0
49 50 0
51 34 0
52 44 6 0
53 0
54 35 31 0
55 0
56 0
0
23 51 49 31 27 32 16 3 38 2 34 18 31 6 20 37 48 49 21 29 22 12 3 8
33
1 14 13 0
2 7 0
3 3 23 24 0
4 23 16 0
5 17 0
7 0
8 0
9 9 0
10 20 1 0
11 24 0
13 18 3 0
14 1 0
15 30 0
16 21 0
17 7 0
18 7 13 0
19 18 27 0
20 21 0
21 29 11 0
22 8 0
23 29 0
24 2 0
25 0
26 10 14 8 0
27 20 0
29 15 0
30 14 0
31 9 22 0
32 28 0
33 20 25 0
0
7 2 5 33 31 10 21 18
41
1 21 17 0
2 41 25 0
3 18 0
4 13 24 25 0
5 3 0
6 39 0
7 41 23 0
8 24 0
9 23 0
10 18 0
11 0
12 24 1 0
13 18 0
14 29 0
15 22 11 0
16 41 14 0
17 7 0
18 27 0
19 32 0
20 28 0
21 29 0
22 0
23 0
24 0
25 20 0
27 0
28 16 0
29 7 0
30 16 0
31 30 2 4 31 0
32 0
33 33 0
34 7 19 0
35 25 0
36 13 0
37 24 26 0
38 1 25 29 0
39 0
40 30 0
41 22 0
0
15 1 26 23 22 31 12 23 31 28 11 8 12 29 32 12
94
1 35 0
2 30 18 0
3 27 0
5 18 0
6 4 0
8 31 33 0
9 92 77 67 0
10 27 44 29 0
11 50 54 0
12 74 75 0
13 45 93 13 87 88 0
14 76 0
15 27 0
16 5 75 0
17 18 10 69 23 34 56 80 0
18 25 4 73 42 39 0
19 19 0
20 60 62 67 38 43 0
21 44 26 0
23 5 59 21 20 0
24 0
25 34 49 0
29 33 11 0
30 43 4 0
32 25 14 58 0
33 28 74 87 66 59 83 0
34 71 45 43 0
35 85 85 0
36 42 59 21 20 30 0
37 59 49 0
38 84 65 0
39 66 13 65 0
40 36 31 24 89 0
41 21 0
43 3 14 83 0
44 44 18 0
45 2 0
46 15 31 67 0
47 85 0
48 94 31 78 0
49 86 75 87 74 0
50 62 73 1 93 0
51 9 79 33 0
52 15 61 19 0
53 83 44 22 90 0
54 14 0
55 81 1 0
56 2 0
57 20 89 42 87 60 0
58 65 90 50 0
59 83 80 2 0
60 20 78 49 0
62 76 20 0
63 75 0
64 43 26 92 30 0
65 8 77 0
66 16 16 30 0
67 53 76 0
68 0
69 82 0
70 57 16 80 0
71 0
72 9 4 19 0
73 39 4 18 17 0
74 90 35 32 0
75 56 74 0
76 78 63 78 43 0
77 0
78 49 89 74 0
79 31 0
80 79 94 64 70 0
81 35 63 92 87 0
82 28 73 91 0
83 93 21 55 90 80 2 70 0
84 0
85 72 56 81 42 0
86 41 86 28 0
87 41 84 17 0
88 4 54 65 93 0
89 41 80 71 83 0
90 24 0
91 17 44 35 0
92 21 50 0
93 73 0
94 10 93 0
0
68 63 24 33 9 75 85 7 64 39 52 73 86 86 12 9 47 74 39 36 46 44 38 17 63 47 69 70 52 52 61 30 39 7 12 42 94 45 19 80 83 40 60 2 7 69 3 49 43 23 43 89 86 20 56 46 36 31 16 50 37 71 8 58 55 22 18 94 89
79
1 26 24 0
2 33 42 2 0
3 30 17 13 63 0
4 8 0
5 31 0
6 41 26 74 3 0
7 43 0
8 65 2 2 0
9 0
10 56 12 45 0
11 6 25 68 37 0
12 70 0
13 23 0
14 74 0
15 36 37 6 27 0
16 45 43 0
17 12 6 76 56 14 0
18 67 56 46 55 61 0
19 79 6 36 32 44 65 68 0
20 36 2 71 27 2 0
21 73 0
22 65 12 6 0
23 0
24 54 0
25 59 79 46 0
26 66 41 0
27 37 26 0
28 31 0
29 78 20 61 0
30 79 7 55 0
31 3 10 52 0
32 18 7 61 0
33 74 9 0
34 59 33 0
35 19 0
36 55 54 0
37 70 36 0
39 76 77 10 0
40 0
41 43 71 9 4 19 22 0
42 2 48 0
43 62 8 25 31 0
44 4 0
45 73 20 0
46 68 51 0
47 53 18 41 79 0
48 21 54 0
49 17 60 0
50 46 77 64 30 0
51 43 15 36 44 3 0
52 28 34 29 0
53 48 2 49 56 0
54 13 61 0
55 72 55 0
56 61 31 65 15 0
57 17 13 20 31 16 79 0
58 23 20 77 0
59 38 46 0
60 8 7 77 20 0
61 67 0
62 77 32 32 0
63 22 54 0
64 58 7 15 63 61 0
65 18 8 50 35 76 0
66 66 60 0
67 40 27 0
68 20 17 0
69 55 5 29 3 0
70 76 63 14 3 22 24 14 63 56 0
71 0
72 30 37 63 11 0
73 13 3 70 59 28 0
74 16 24 19 0
75 56 17 69 13 0
76 0
77 66 7 0
78 44 52 51 7 30 0
79 14 7 79 0
0
32 62 20 48 2 26 11 4 31 5 53 45 75 29 21 60 69 21 45 47 1 61 35 45 9 17 48 39 7 59 26 73 23
0
