20
76834 68398
10 6 0 17322 101
10 0 5 13265 101
40831 23625
4319 1 0 6660 10001
9744 0 1 3341 10001
31 45
2 3 0 77258 11
10 0 4 75660 11
1000000 1000000
999999 123321 321123 725725 10000001
999999 321123 123321 725725 10000001
1000000 1000000
1 1 0 1 1000000
1999999 0 1 1999999 1000000
50 29
5 1 0 12 29
22 0 1 17 29
8 6
0 0 1 3 5
0 1 0 4 5
999983 999983
0 1 0 931463 999983
931462 0 1 931463 999984
202 719
9 1 0 25 101
82 0 1 76 101
48 44
3 1 0 5 29
15 0 1 24 29
10 10
0 1 0 1 11
0 0 1 10 11
24787 58760
17 5 0 12153 101
17 0 4 8156 101
999983 999983
829642 1 0 829643 999983
829642 0 1 829643 999984
1000 1000
2 5 2 5 7
2 9 3 2 7
12 11
2 5 2 5 7
2 9 3 2 7
1000000 1000000
123321 555555 777777 333333 10000001
123321 777777 555555 333333 10000001
34217 65875
49 3 0 28687 101
49 0 2 10186 101
55 21
0 5 0 24680 11
0 0 5 5188 11
999983 999983
874480 1 0 874481 999983
874480 0 1 874481 999984
1000000 1000000
1 1 0 1 1000000
1 0 1 1 1000000
