300
3 6
7 -12
-1 15
-2 0
6 -13
10 6
-7 -12
18 -8
-15 19
-13 -19
-1 -17
0 -11
1 -18
-1 -2
-3 -17
12 9
-2 -6
5 9
-8 5
8 10
13 -3
-6 10
2 -9
-11 10
-6 -11
-12 -12
-9 12
5 -4
8 -2
-4 2
-7 -9
19 -1
-11 -13
14 -6
-11 0
7 7
4 -8
7 -4
-15 9
14 8
5 8
12 -1
12 12
-11 -15
14 4
16 17
9 5
-9 -9
3 10
17 9
4 10
-8 12
19 10
6 9
18 10
1 -2
-1 -6
0 -8
1 14
15 10
14 -9
-7 2
-13 -8
0 4
13 2
4 -5
-3 -2
17 -18
-6 -5
12 -14
16 -13
12 11
16 18
19 -11
-4 0
-11 -10
-8 2
-18 -17
2 -9
-10 19
15 -13
3 13
5 0
-15 14
-5 19
19 13
9 -17
-17 13
-17 -10
-4 17
-5 -2
-3 15
13 11
14 10
7 -2
-4 -16
9 4
0 -2
-5 8
9 -12
-15 3
-19 19
1 11
-18 4
19 16
3 17
-6 -6
-15 15
17 -17
-9 -15
15 2
16 -11
10 18
-8 -2
9 6
-18 -14
-10 17
-12 10
-6 9
3 4
2 14
-12 -8
2 -1
-7 8
7 7
6 -17
-8 -17
-15 13
13 14
18 -1
12 -4
1 13
13 9
2 7
-14 4
0 3
9 2
6 8
16 7
3 1
-8 10
6 -1
0 -7
-18 -18
1 -17
11 1
-4 -1
4 -7
1 -16
-5 13
-6 14
-16 -13
-5 -9
15 11
0 -7
-5 7
1 9
18 10
19 -17
-11 -19
10 18
-3 2
2 0
-4 17
9 6
-11 1
-8 1
-9 -7
3 16
2 6
-5 -17
7 3
3 14
18 3
4 16
10 -5
-16 -8
-1 9
-16 0
-1 -11
-13 -1
14 -7
-10 -7
-15 -11
-9 0
-18 11
0 -2
9 -14
-1 5
0 1
19 -8
-18 16
-8 13
-5 -5
16 18
-1 7
-16 -12
-16 15
19 -9
-3 19
5 -2
14 0
-12 5
14 7
-18 -2
-19 12
18 -6
-2 -17
-14 -4
15 3
-6 2
-11 -19
-9 -18
-1 11
1 -15
-1 -14
-10 -18
-8 7
2 -12
-1 19
1 -10
12 18
-8 8
-11 9
-18 0
-10 0
-5 -16
12 5
-15 0
-16 18
-12 18
-19 -16
-14 3
17 18
15 -3
8 -18
-13 9
11 8
-6 16
1 5
5 -7
11 8
4 -3
19 19
-4 -14
-1 -10
3 1
8 -9
-9 9
-1 12
16 -8
0 -14
14 10
2 19
-5 18
-10 2
-16 18
19 -8
14 10
10 12
6 10
10 -7
-19 18
3 -10
-7 -17
2 3
8 -15
-3 19
15 19
6 2
-9 -17
6 13
-16 3
10 -13
14 5
-5 -11
-2 -12
-16 2
-9 13
-10 -2
12 14
7 7
-5 18
-16 -3
17 -5
-19 4
15 -5
-17 -16
-17 6
-2 -12
11 12
-5 0
11 -8
18 -19
-14 -19
18 14
12 7
5 -16
-17 19
7 13
