300
474478489 618363370
-422795461 918483730
872296394 -374300586
-955871663 329263775
-20566225 -922607444
787595690 123297871
656502164 96486898
935581128 -291587171
-6965838 386674372
-282542509 415973911
653306671 215231178
-85246118 133581664
945378153 372469484
-234177145 -241765637
-812213453 -89494027
-50552833 273921112
-348414842 975164161
477794361 730062081
976711287 -184443895
358853298 863339711
287994269 945814627
-285313735 464990640
-89809957 739322132
-185829538 794190064
-457986918 686292822
441626178 -837039403
849541526 229081837
-681055167 -235014997
192812428 -255572026
125565339 596832499
836569817 -774935427
981290530 425452625
-573933100 -464949806
-465931118 -554571661
711776070 56433848
-446059082 938102202
876036506 834396422
695974291 -259012826
474738515 669589755
-853418569 -551596027
-690348196 923477151
683167876 57704732
-171595438 -989345736
689632119 -437482159
746353407 82256424
30586438 -644324486
-316851946 -166017637
-239191502 79641141
572140457 -509203145
-679917856 193636322
785948762 -212419082
675756634 399830058
-463533979 -886660976
-60984997 725965646
-650303629 -845399437
-857371586 -722925070
-676653880 888013961
888955122 -964728111
428626304 -610134573
-872988416 -380610980
186334239 199952931
-641224287 -625021312
-836582535 -815159692
-466077460 -300720919
617753727 -318082872
-923820558 -185447060
-501391372 -499880307
220131799 7946305
950408672 -634165090
-287632725 117218336
450755888 -992409978
92798832 81605894
-39874194 108560108
586541918 -741439650
601940306 -843492101
973545560 340513903
647672403 481413590
-432424190 -465140242
572418695 65571407
-204788167 464420310
-820952668 755116224
350177404 -453387284
136178933 -803435766
603291959 442984369
-528227230 413303082
-194383562 767770918
-875506577 -965368350
-668857412 309016301
-855702103 977834066
-271212682 -695193028
103738835 37351651
-128242224 -462708708
-699077700 -249012276
-908176909 -353298537
891706294 8135463
-281370992 202969388
-688637985 -357145423
-15948658 606113634
280270894 372162940
889349696 890587985
773878807 638181513
-608346840 -493871041
949528483 278149065
134708991 778116349
-132527611 372648678
-47235327 322814182
-212032042 -509112681
-310694086 367445689
-713108448 948325730
316466218 -864736006
-319128904 -51228874
863079026 946194740
-400692655 -299776757
-838206849 115550530
372380409 125509661
741694536 221702227
800173971 -795159407
819056417 925899691
-991678439 -673494292
-711177346 545567226
169829925 -884546510
35048698 434015285
-443969939 -505772656
913786458 648831227
-502675577 -265854728
122252394 948276846
-63526839 18207231
675044232 725789991
993872308 579786778
745719909 399090403
898698169 403774012
-991550152 296310519
8064143 -782186291
-485021928 280103169
700597682 -223389947
-14769141 -351723336
-297508243 -118530207
46427271 888778436
534629922 -706735042
168569158 648429192
-670371344 -68721258
252094190 376859834
-825578545 -593523332
-90385782 724571873
111464041 -332667393
575961975 -284442048
178821332 7367533
89033830 419786047
809256265 -55050682
-745660465 -798361198
855615499 950223335
-431657385 107698021
-160700748 -274442519
-767791542 931531045
64446725 -106766802
905700667 -557532555
699575200 346391237
-859529108 -865443868
-594920289 -462977990
188190429 681386348
-936385807 935036717
79465800 -337703316
-573082016 916391291
959057342 777599250
-416135452 -68201458
266626984 -658423950
-170431 446543534
997270548 -987785107
745179002 41496431
283953119 213239414
1230065 -757931679
139036395 632610027
-151606962 -275623240
817444343 -992853304
315730061 367619392
-721483856 -67689840
215647022 774106378
433991530 659982209
-341780851 -363953101
-278106086 551600783
-439518988 -503851155
362093201 -731560695
-306483190 -161742455
365906959 968242345
-442489053 -796943930
830143503 845734480
49322187 -157154415
356112320 -948430966
385267424 775691680
-975985521 844884558
-683484368 570138236
751397959 -96384073
309391664 833750880
493242465 -952284005
-449624287 649302603
210480440 706228431
-950109280 560221979
-902900326 -385222863
510098683 421538303
-471930378 -494295596
-195365127 673272334
-610828954 848820883
786853633 274437248
175111864 104903404
-141358343 -841065312
535658609 888360323
406726441 756560512
-40941260 -967069470
-443880369 267360239
34893852 -201814951
-96750420 -134518303
-765920620 -993423163
449265213 -389781576
-421032077 -864976409
-513169679 405703109
-965238684 -3067747
-393124813 169045589
445181085 100590564
301941784 870469667
551072087 506710419
328267052 -874752802
-921904194 -594080448
-180771760 -701777061
798445212 -475646522
-487712993 -170672285
-489279438 601641983
659355655 647108927
730267092 -516896973
833693637 -805577639
608248639 -967795
-250633685 662292619
-971743942 659207901
564549067 -702253722
-738985980 891761919
-933010856 692705967
966302603 -197208897
-2606103 154345908
403663107 240321096
685884300 301681965
319333116 101872634
-586553396 303907534
386340121 751703419
-18590521 -243883634
936071479 516988159
-30558823 -115578437
-601930475 -50929346
-305410619 -560344316
-405436694 765427860
-521953309 899989141
-371174389 781070978
746344441 -644793232
18325999 115917214
344097176 -800365447
-143128399 481407122
337225908 -436389551
585801517 -250645723
241798269 981288433
508086628 585161970
-632835298 582046311
250939192 13473989
-841700590 83942542
-863929943 433735028
-19964865 -64712684
748464560 -486490131
-392987123 419977791
995699643 -428600150
300899469 434738799
-772265203 -607888931
576328861 56111690
-746782393 94900680
-690252726 -772330230
-322770458 -590905623
-702662443 -242225967
105558019 357867005
-500699247 -465867490
-185563276 203736893
748841552 343364667
-886002920 -688511304
31288119 -768881425
-912948527 -493385977
317001905 -274956039
-487479146 -550843756
9186803 148445330
-912588629 -813290653
400885580 65080357
-637640608 -965212967
400216838 227189555
-257865477 241438428
628687190 380210015
588178176 -917834653
-745153542 28154892
287346359 686647721
-420461402 -60115736
879072523 -91739265
21222447 -587180026
-476682226 -859288646
339449461 937294469
2905293 233085086
477719616 -606249975
-809205595 51273969
