10 20 40 4 2 2 10
144 55 8 0 1 9 4
10 10 10 2 3 2 7
10 20 40 86 9 9 1000
1551 1427 190 24 4 9 24
1236 1876 1431 29 5 8 52
749 620 256 32 8 6 11
179 1995 750 50 6 8 89
1679 1135 2149 29 9 4 88
48 2520 1204 14 3 7 18
2298 1131 701 9 9 2 30
2398 2896 51 7 7 2 31
2543 2889 1088 31 4 9 31
1391 273 1575 6 1 6 759
1430 323 2883 24 5 6 45
558 1842 2414 67 8 8 7
1216 903 993 55 7 8 62
641 866 852 33 6 9 25
1038 2609 2452 22 8 4 2
1821 2829 1777 24 4 9 24
1318 1875 1938 20 4 8 21
1948 1717 2357 18 7 3 122
899 2185 1271 17 8 4 14
569 270 168 38 5 7 11
2083 1778 350 3 3 2 16
917 1608 326 45 8 6 146
2074 2510 1802 22 6 8 27
613 1437 1817 13 3 8 5
2249 2895 1882 6 8 1 25
2891 2219 1790 16 4 4 616
1640 398 244 9 6 3 2
2351 943 266 38 9 6 13
1354 194 1355 70 8 9 44
373 7 1666 66 9 8 99
2348 857 2553 20 5 6 30
865 779 2341 75 9 8 16
257 620 1196 16 6 2 27
1201 569 1443 32 4 8 97
2227 102 421 13 5 3 49
31 1886 117 25 3 9 14
1309 2550 1662 49 7 9 9
116 2310 2431 49 7 6 21
561 201 160 47 9 7 36
2549 448 1525 20 6 6 11
1532 2311 1047 43 8 7 8
800 1884 2913 40 6 6 11
2394 2473 1903 28 9 4 46
20 229 2389 47 5 9 160
2074 563 842 21 5 5 86
1430 1399 713 33 6 9 30
1391 1770 2460 20 9 2 25
795 570 2919 8 6 2 20
2620 1164 444 11 9 2 34
374 234 2686 67 7 9 36
1391 1559 164 18 9 4 8
444 1381 416 17 5 3 41
617 1699 1292 14 3 9 16
1867 1373 558 29 5 6 276
2860 253 2562 16 3 8 51
2943 181 935 12 7 4 2
628 1714 2763 54 8 6 7
560 795 2230 16 7 2 18
2683 2734 724 4 1 8 9
1613 1331 1198 25 7 7 33
2421 2959 17 23 7 6 25
1521 1562 2678 31 8 5 11
1294 1380 2244 47 9 8 41
787 784 288 6 2 3 887
892 1839 2913 50 6 9 79
2175 98 1140 20 5 4 208
1774 2868 984 14 5 4 20
633 1533 898 48 8 6 925
949 1923 1435 43 9 7 38
1292 1407 388 43 8 8 19
21 2063 1683 16 4 8 5
1043 80 961 43 7 6 85
1697 576 762 46 8 8 14
882 392 2605 51 6 8 40
939 2066 700 72 9 8 565
1175 2004 2934 21 5 4 53
286 816 1595 3 2 1 29
749 2874 486 23 3 9 48
1465 1442 2969 19 6 4 67
2086 1376 2852 17 3 7 70
2142 1276 1871 12 9 3 8
2505 2771 651 33 9 4 202
588 1647 743 36 6 6 122
371 1429 947 34 7 6 51
958 1177 147 9 3 3 580
2226 2543 2983 21 6 5 4
687 1890 1848 55 9 8 48
2921 1828 1312 25 6 8 12
50 1286 161 54 9 8 2
1977 1187 1807 34 7 8 29
131 2854 2845 26 4 9 42
2784 2490 920 15 4 4 188
1451 513 829 4 5 1 72
439 2403 2940 19 5 7 28
1069 972 569 30 4 7 23
844 2564 1407 8 6 2 16
1511 1011 2802 27 8 4 103
270 14 2358 42 5 7 16
861 2567 2250 14 6 4 6
382 1951 1501 20 7 5 12
1809 1097 2751 25 6 8 13
2987 586 317 2 1 3 25
493 131 261 43 9 5 165
831 1611 894 26 8 4 36
1948 2504 1174 18 4 6 1
106 1863 2691 59 7 7 7
1515 956 2244 27 5 7 20
2241 1176 1105 22 9 5 13
63 1656 1284 18 6 4 32
1496 920 2754 22 5 7 1
689 1832 2835 31 7 4 8
142 2403 888 67 9 8 20
2302 1890 1742 12 9 3 24
1245 1163 1823 49 9 9 12
254 2346 1071 44 7 6 39
1331 586 2512 58 8 8 143
1126 511 890 39 6 7 152
1796 155 1293 20 7 6 27
2239 1369 2238 13 3 9 21
1518 2885 175 9 4 2 44
2015 1568 606 12 3 7 15
493 485 1838 8 3 4 20
2820 142 1302 6 2 6 28
1494 988 875 13 4 3 28
1790 1934 1990 18 7 4 28
1283 2140 220 41 7 7 100
1932 1455 348 8 7 1 10
1514 397 1571 15 5 3 701
1783 1579 2138 17 6 4 28
2163 1241 1016 37 6 8 19
2216 2022 271 23 3 9 91
878 2514 342 12 3 4 831
198 2330 1899 32 4 8 847
2548 41 1797 8 8 2 35
2823 2622 1111 20 7 6 18
90 868 812 12 5 2 52
174 623 1759 7 3 4 31
1351 727 2879 17 4 7 2
141 4 2165 45 5 8 31
824 2294 2355 58 7 9 168
629 2675 165 53 9 9 31
1586 2480 976 5 7 1 57
2688 2741 1776 21 3 9 21
12 1460 2451 24 9 2 21
1755 1350 1014 21 4 8 4
1211 107 275 13 3 6 20
2419 550 1790 25 7 4 109
1803 2909 2441 18 9 4 28
1107 2062 1223 28 5 6 103
2023 259 749 28 6 5 94
2750 889 2900 28 6 5 252
1848 2367 2529 41 9 5 132
2372 1481 942 18 4 6 70
1411 2962 545 33 6 8 48
2721 2065 1885 18 9 2 772
2896 2283 1919 12 2 8 28
2565 1273 1686 26 8 5 14
599 274 1158 30 5 5 30
1192 44 2675 40 8 7 24
1502 2926 2351 24 8 3 806
420 1485 2848 39 8 9 14
2148 1447 1688 23 3 8 328
1779 1417 135 6 1 5 24
2169 333 1986 7 1 9 34
2328 847 1723 11 3 6 35
1366 1456 1251 36 8 6 32
971 1713 927 41 5 8 40
1363 471 1340 31 4 8 253
1551 1743 1796 18 4 4 19
746 1914 1382 20 3 9 29
2172 2076 2720 44 9 6 6
1766 2027 889 41 7 8 5
1389 711 1743 1 1 2 6
1510 1657 2578 25 9 4 31
709 2946 541 15 2 9 57
755 381 1130 50 7 8 63
33 721 1490 35 8 3 10
569 1300 687 36 8 7 29
719 178 1959 7 8 1 36
703 925 2590 25 9 5 7
1650 161 2311 10 5 3 50
784 190 595 22 8 5 27
2321 848 2865 42 8 6 85
1877 1799 1159 14 7 3 6
129 1710 2 24 5 7 3
1593 1725 989 10 2 8 43
711 2885 102 48 8 9 11
2011 1917 1727 12 6 4 30
2045 1456 1862 40 9 6 60
1089 752 2405 43 7 7 6
1302 1505 106 23 6 6 24
829 458 2988 31 8 5 57
1323 261 2114 33 7 7 17
2741 2366 1967 6 6 1 417
2845 1666 494 27 6 6 63
106 1025 2452 53 9 7 28
1884 1400 1013 18 4 5 124
2751 835 1065 25 6 7 27
1489 2431 1853 46 9 7 47
1242 2086 375 26 4 8 82
395 635 2866 21 5 4 146
730 52 2102 37 9 6 4
2223 2018 260 27 9 4 26
1144 910 2120 11 6 2 6
1257 1197 2972 28 6 6 74
704 1109 2004 36 6 7 6
598 2974 1503 36 5 7 47
2319 1232 773 27 6 6 22
2722 2786 2085 20 4 9 3
731 587 2358 20 3 8 49
1517 2858 1677 35 6 9 29
563 752 1292 39 9 8 23
702 2098 2866 11 5 4 24
49 727 2073 59 6 8 14
279 2540 1111 33 7 8 16
1687 554 241 25 7 4 22
1452 1138 1069 42 6 9 7
1705 2748 2419 43 9 5 74
2715 2500 1332 17 6 5 6
1501 2972 1000 40 6 9 7
461 1137 2160 64 8 8 22
2904 721 2261 24 8 3 722
1329 2721 2202 20 2 9 18
558 1929 2057 56 8 9 18
2931 880 534 30 4 9 92
1255 2398 2940 18 2 9 844
862 485 2721 8 6 2 21
1402 499 1614 51 9 8 30
917 1696 271 3 1 3 6
292 1741 218 6 1 5 39
1446 1265 1506 15 2 7 48
1241 1639 1419 23 4 6 135
1644 314 2548 20 9 2 10
2081 948 547 3 5 1 14
160 974 967 37 8 5 70
2006 2311 1434 20 7 5 21
1797 1526 2171 33 7 5 152
1393 193 1495 53 9 8 45
44 634 2077 64 7 8 22
1104 1499 325 17 7 3 72
655 2822 1234 9 2 5 8
5 2473 1058 41 8 5 39
2126 289 2901 47 8 8 27
1515 2396 1585 20 4 9 16
1746 1368 1849 22 4 6 94
1159 601 1585 37 4 9 68
1860 268 569 51 8 8 26
2695 297 452 4 6 1 33
2572 27 1908 29 9 5 6
1770 1775 2044 5 3 3 36
240 1267 2179 16 4 5 46
893 2 274 48 9 8 40
1074 595 1496 8 8 1 115
386 2848 674 54 8 6 4
1748 1206 891 46 8 9 16
2983 1182 2384 26 3 9 53
1712 1582 1209 48 7 9 74
1872 1393 1928 20 6 5 15
31 2473 1216 52 7 7 75
1357 1062 2514 26 6 9 10
2187 465 1290 20 5 4 733
1771 2970 943 36 5 7 23
1919 1949 1558 33 9 8 19
63 2703 993 54 8 8 23
2577 2013 17 27 6 5 32
1473 165 718 46 8 8 20
2944 304 1442 33 8 7 35
2671 1109 296 11 4 6 8
1234 1480 2407 13 5 3 62
1081 374 625 9 6 3 6
1087 988 2145 46 6 8 56
1629 2130 1211 7 1 9 32
785 43 1523 21 9 4 7
1005 1082 2628 9 5 2 128
149 2904 1493 41 6 9 54
167 1525 221 33 4 9 114
348 1442 2763 10 9 1 61
1671 2651 533 27 7 6 42
1780 771 2248 22 5 9 9
1058 281 1925 52 8 7 113
564 456 2342 14 2 8 64
2845 2351 157 14 7 3 47
1535 2848 1105 55 8 9 11
2124 2599 436 40 7 6 103
274 2033 2537 9 4 2 4
964 720 247 16 7 2 28
1188 2310 552 14 8 3 18
2388 2003 2305 13 3 5 46
108 688 2066 64 8 7 6
1584 2869 1281 32 4 9 113
593 603 1807 20 4 9 19
465 813 887 61 9 7 24
933 1809 1070 36 4 9 622
114 2316 2916 5 4 2 24
2191 873 1792 36 6 6 553
644 1956 937 8 2 8 12
821 2302 2688 51 8 7 100
2708 1863 2499 6 5 2 42
1052 2037 632 9 4 2 50
2735 1589 1255 15 8 3 16
796 2549 136 36 9 6 45
903 2385 821 19 5 4 249
972 358 174 22 6 5 29
1147 700 2022 14 9 3 10
1809 177 2706 13 3 7 30
949 1182 2296 70 9 9 72
1107 2969 1243 53 6 9 421
1191 703 2362 31 9 5 14
63 1865 599 33 7 4 26
2863 2648 274 27 9 5 43
2361 2608 91 12 3 5 36
1390 1586 2766 21 4 5 57
407 693 2254 1 1 2 5
1561 423 1512 26 6 7 18
1038 2420 1657 16 8 2 484
2355 1438 1177 15 3 6 67
277 100 1782 37 5 8 96
299 558 2602 14 8 2 9
43 2347 2974 11 5 2 2
874 523 2294 16 5 6 1
791 780 463 43 7 9 8
91 725 1532 22 7 4 37
443 578 2247 29 5 8 32
251 1680 2665 19 3 8 46
448 900 755 78 9 8 42
1153 698 1245 21 9 2 16
489 2593 1242 7 1 8 139
1307 241 446 54 7 9 52
1549 659 871 41 6 9 22
444 1928 1612 40 7 8 50
978 1507 2553 19 5 4 166
276 1179 2829 71 8 8 31
2716 779 404 25 6 4 15
1621 329 2912 41 8 7 2
1023 2561 1263 18 5 5 56
2395 1843 6 22 7 5 2
691 312 252 32 7 8 16
1370 1554 2879 18 4 8 19
1780 766 785 31 9 5 31
2520 897 2994 30 9 4 60
216 1626 2867 28 4 7 156
2838 312 1518 35 8 9 23
995 1301 1655 19 7 5 8
456 2349 583 53 8 7 3
2915 2266 1843 30 4 8 96
1549 2356 1271 44 9 6 84
2034 177 1688 32 5 8 25
1070 1752 2628 15 4 6 29
855 1132 2807 40 6 8 88
2328 1429 2554 10 3 7 6
2791 1530 1504 19 4 9 13
637 1066 2862 61 9 7 167
1848 108 2412 13 9 3 13
2894 2173 2599 11 7 2 30
501 2505 1550 70 8 8 16
1181 273 1150 33 7 5 199
284 1681 524 33 8 4 234
2219 2808 2200 21 3 9 37
91 2067 242 36 6 6 756
2542 386 1646 2 4 1 7
486 1341 672 20 3 6 34
2350 192 2325 42 7 6 559
2389 2720 655 19 4 6 55
1737 1219 1955 16 8 2 821
1564 217 399 18 3 8 35
2050 2637 720 30 6 7 14
2127 806 1056 22 6 5 59
84 352 1592 21 4 4 44
1932 2751 38 36 8 7 40
2599 100 946 12 6 2 744
723 2814 1131 28 4 7 815
670 2327 797 51 9 7 59
2150 2117 1472 39 9 6 36
727 1689 1692 6 2 4 42
1043 2486 2832 31 8 6 39
892 1300 1718 15 4 3 4
2009 2112 2029 36 8 8 7
570 1244 1743 41 7 5 11
1675 1449 2163 5 8 1 25
528 1926 1647 20 3 8 4
465 1901 1744 34 5 6 31
2687 346 1102 21 4 7 61
910 1009 1157 19 6 5 36
25 1836 765 30 3 9 5
52 712 604 41 7 4 11
87 1555 206 26 7 3 37
173 2324 67 14 6 4 34
2324 806 2629 28 7 9 4
749 964 439 11 7 3 4
1988 770 2590 10 3 4 84
1834 879 2337 20 6 5 7
913 318 913 53 7 8 135
143 1559 305 92 9 9 46
2674 1507 2640 20 4 7 1
1716 2839 1628 7 6 1 2
1370 193 169 5 3 3 21
836 2685 2977 6 3 2 139
2480 707 2889 24 5 7 4
1356 658 198 64 8 8 117
2702 2988 1684 31 8 6 9
422 2850 1289 43 7 9 15
1910 2850 568 38 8 6 49
21 2944 1579 41 6 8 66
2632 1935 2661 18 5 7 27
1108 392 551 20 6 6 25
2074 2545 1274 18 8 5 6
89 781 2735 29 7 5 58
1360 984 1062 32 8 7 15
793 2052 1661 34 7 9 31
1491 1537 957 21 5 8 17
432 435 2833 11 2 4 18
993 322 1059 29 6 7 51
345 1083 57 31 9 4 37
1335 1060 2061 5 4 1 11
767 1810 434 25 3 7 23
2982 860 897 10 2 6 23
799 198 1991 3 5 1 33
536 298 2992 25 6 8 4
703 1346 781 35 4 9 323
2048 587 2947 32 4 9 25
2723 36 2949 24 5 8 28
1450 1909 2466 37 5 7 16
1802 1795 857 6 1 9 1
1707 470 1902 19 8 4 12
1036 2175 1442 6 7 1 69
2493 1163 2789 33 8 6 2
876 1631 2158 58 9 6 5
2644 2951 98 35 9 7 38
2548 564 881 20 5 7 21
1541 2768 1656 52 8 8 86
529 1605 1728 20 2 9 51
499 532 2718 9 1 9 139
2383 382 109 21 6 5 27
1948 2077 206 19 6 3 52
1451 2518 2867 33 8 8 17
2805 2274 2736 27 6 9 12
2045 896 1303 21 4 6 56
747 369 2555 62 9 9 32
245 1810 783 27 4 8 8
287 2468 1130 12 6 2 949
1969 786 1096 17 3 6 217
215 1164 1020 5 1 6 92
666 2144 1697 8 2 4 205
1678 1114 2252 16 2 8 700
148 2748 1202 41 9 7 15
1778 2645 2550 22 4 6 108
1423 105 968 17 6 4 2
1300 672 1406 32 5 6 26
2709 1252 458 21 4 5 23
2980 2213 1570 4 6 1 10
119 1310 625 4 4 1 32
1793 2924 22 39 5 9 13
2893 1276 1160 7 3 3 79
341 1393 142 13 2 6 10
1520 994 667 17 3 9 35
919 1803 291 30 9 4 17
1632 2359 2662 31 7 7 44
342 45 1311 40 6 7 136
321 2138 2121 50 5 9 21
1367 1851 1574 31 7 8 24
1861 1648 1988 45 7 9 31
2511 138 935 24 5 6 63
2597 1513 276 23 8 5 17
2329 449 1656 21 7 5 27
693 1080 996 13 5 4 7
2449 1021 926 7 5 3 1
1507 785 2610 7 1 9 46
2487 2960 1900 23 5 5 152
961 562 2165 56 7 9 34
611 2278 571 64 9 8 76
1562 933 1309 25 5 7 29
2081 389 336 32 7 7 21
1906 256 723 40 8 9 10
1114 2482 860 25 5 6 23
336 1496 65 25 5 9 21
1530 248 911 30 9 5 10
2779 1794 2058 12 7 2 33
160 20 1751 27 4 8 34
953 1814 796 36 9 8 11
557 1520 790 42 9 5 162
2009 1188 1023 15 6 5 15
2311 1232 959 30 7 8 9
1356 2402 1672 9 2 8 4
2310 2852 2276 22 3 9 96
756 1579 1383 16 3 9 24
2934 2477 425 6 1 7 115
2952 634 1901 23 8 5 8
2471 2993 2241 8 4 2 833
1911 2480 2422 17 5 6 24
200 1811 1727 32 5 8 35
1589 2312 534 38 7 7 60
2917 1648 872 5 2 4 27
2480 667 2854 15 4 4 138
921 1304 560 19 3 6 79
1361 464 2296 38 6 9 43
38 425 2389 70 9 6 38
2062 671 2969 6 9 1 32
2773 184 877 11 8 2 50
2474 199 1115 35 7 8 26
956 1610 2768 42 8 7 3
1018 1194 880 33 7 6 10
2232 20 2964 7 1 9 33
977 1044 238 59 7 8 25
2538 1413 232 18 3 7 3
380 848 2401 29 5 6 197
2 1293 2161 45 9 5 461
80 741 1443 45 9 7 3
2495 1379 1360 13 8 2 54
2415 412 1753 8 1 9 11
264 1301 186 21 5 7 17
2942 369 1885 31 9 7 8
535 2247 2021 46 9 7 12
178 180 692 48 7 8 68
618 1659 1956 11 2 7 4
1748 1867 2814 9 8 1 43
1169 1054 2849 31 9 5 51
2530 1247 403 27 8 4 19
430 2273 1411 18 4 8 5
1442 2460 1094 27 5 8 31
925 84 1107 7 1 8 66
2399 1056 2952 8 2 7 4
2387 2625 356 11 6 4 1
1635 499 935 37 9 4 4
126 291 333 52 6 8 5
2823 2292 1645 19 3 6 5
1015 2136 775 64 9 7 14
2192 1394 1076 36 6 7 110
294 737 41 18 6 3 236
2897 371 2581 33 4 9 172
2050 2734 580 32 7 9 35
84 1272 2968 83 9 9 215
824 137 871 27 7 7 30
1129 307 779 14 2 8 63
1418 2063 602 36 6 9 1
1572 129 701 17 5 3 6
2136 2581 882 16 8 4 24
1465 69 29 37 9 6 14
152 360 108 23 5 4 11
1764 1984 2901 22 6 7 19
118 1677 1927 26 3 8 17
227 1060 2525 26 5 4 26
2808 1221 2127 30 5 8 73
746 1343 354 59 7 8 49
211 240 423 62 9 8 21
2517 1735 117 11 8 3 9
994 230 13 64 8 9 82
2647 2565 1013 20 4 8 44
777 182 524 30 4 8 141
15 2009 131 18 9 3 19
649 2999 2604 28 3 9 79
2269 1582 162 34 7 9 39
2799 1799 961 19 3 8 36
2155 2395 1424 7 3 5 16
727 1205 2257 15 2 7 88
813 1927 1016 30 7 8 33
1392 2822 464 21 5 5 42
243 1504 1509 18 5 5 20
682 702 538 29 6 7 10
1343 289 2125 20 3 6 38
2173 609 1631 25 7 5 62
59 1152 2834 64 7 9 153
8 196 584 12 3 5 15
2841 2040 2583 16 8 2 269
1977 2868 794 33 6 8 23
2984 535 77 15 9 3 27
1021 871 333 5 8 1 29
2856 2455 2868 17 5 4 75
2582 349 1530 27 4 7 62
2654 2111 864 21 7 6 29
1537 2991 734 26 7 7 3
280 2700 2723 69 9 8 70
335 1262 1837 24 3 7 46
58 2093 1165 14 3 7 18
2485 686 1744 21 5 4 40
11 2090 2531 96 9 9 24
775 728 2174 24 6 6 36
814 2480 2059 36 8 7 4
193 1303 1411 6 1 8 29
642 1280 223 57 9 9 48
855 133 1400 12 4 6 19
1812 776 1686 9 4 2 20
869 371 137 18 4 4 11
2393 1422 1366 17 3 9 17
2442 2196 2507 2 2 2 29
911 917 2473 11 6 3 27
1692 1592 2619 33 8 8 33
30 1286 2920 70 9 7 1
1141 2312 2774 30 7 6 50
400 694 591 33 5 6 7
1127 2986 1854 57 8 8 127
857 2455 1564 56 7 9 77
2386 18 1057 18 8 4 7
2990 1530 1407 13 4 4 32
2335 2238 2848 42 8 7 62
279 2436 2495 25 4 9 49
2150 1937 2826 28 6 8 15
677 1148 727 3 4 1 10
1513 929 2073 11 2 8 52
2844 881 1569 25 4 9 49
1658 998 371 24 6 8 3
1557 445 2406 52 9 6 332
220 858 1912 23 5 6 6
233 1175 1562 17 5 3 48
2642 112 1910 9 8 2 34
37 1938 2696 5 4 2 1
132 2496 67 17 5 5 10
682 1903 1802 23 9 5 27
2081 2810 1290 19 3 8 61
272 753 1420 48 9 5 15
92 1818 2767 21 2 9 4
256 2819 2364 7 2 6 8
797 822 1607 36 9 7 34
2381 368 2052 7 3 2 25
1028 2199 985 8 1 7 36
2434 2061 560 8 1 8 106
2630 1666 1546 33 4 9 24
1376 1858 1797 35 6 9 46
1847 832 238 34 8 7 16
2583 1946 2427 23 5 7 33
614 2679 1596 34 7 8 9
964 675 458 29 8 6 11
2236 1912 299 24 9 3 82
601 758 2561 36 4 8 31
1945 2078 1162 26 7 5 61
1182 1820 1337 31 7 7 36
698 1022 499 12 5 4 13
2295 0 2375 22 5 9 28
2285 2993 658 7 2 7 3
1322 2568 834 48 7 7 172
2405 1435 999 18 3 8 20
1805 1112 101 44 8 7 46
1220 1591 534 39 5 8 329
1814 2059 230 39 5 9 39
1988 18 2650 10 4 5 9
102 296 1723 93 8 9 11
1904 1780 2802 22 5 7 14
1564 137 294 55 7 9 93
405 18 1657 74 9 8 95
1014 1050 1739 37 8 6 36
63 966 2763 18 3 8 21
1445 2648 1132 30 8 8 20
2360 2115 2687 25 5 9 14
948 2586 2618 36 9 7 30
764 347 1445 15 6 3 64
316 361 2502 17 2 7 8
2431 2549 1206 35 7 8 46
1728 1340 2492 35 7 5 492
2654 2826 519 10 7 2 62
627 1468 2528 17 4 7 36
1795 1601 904 20 9 2 20
341 2357 530 11 8 1 10
151 2992 217 48 8 7 4
105 2474 1956 42 5 8 46
1 2321 80 47 8 6 317
1323 2776 809 38 7 8 18
1758 2140 69 12 4 5 35
2183 1067 92 20 3 9 63
188 337 2834 24 6 5 50
498 2993 1537 27 9 4 40
29 328 1535 41 7 8 18
138 542 2401 17 6 2 29
166 1867 2923 22 6 6 14
2740 1782 968 22 8 5 17
2220 1109 1677 14 7 2 367
1902 235 2586 7 1 9 76
2990 599 2260 30 9 5 23
1783 784 2740 35 8 9 3
2032 891 508 6 6 1 261
10 2654 2265 20 9 3 13
1732 2033 1645 9 4 2 30
663 674 2971 6 2 4 55
437 2076 1713 67 9 9 36
770 1019 2246 11 6 3 16
9 997 338 79 7 9 17
2409 323 105 10 3 3 2
1475 2799 625 32 7 5 4
1059 1730 1077 5 5 1 414
2300 2784 1218 39 9 7 37
889 640 101 15 2 6 30
13 610 2143 52 8 7 80
2689 2293 1345 34 8 6 48
170 235 1694 39 8 7 15
1180 455 1159 28 7 4 452
373 1133 2057 13 3 6 14
1732 647 1368 31 8 5 51
1608 1071 830 34 4 9 258
782 745 1228 31 6 5 16
2183 1446 1335 40 5 9 54
2385 2197 1923 15 7 3 59
485 562 128 51 8 8 4
2350 2103 2632 9 4 4 7
568 2512 2020 41 8 9 15
1297 2962 305 24 3 8 769
2782 1990 1509 16 4 8 3
451 2430 2687 38 8 9 26
1046 806 481 48 7 8 20
1335 985 1338 9 9 1 923
521 192 1309 58 9 6 1
1517 1738 2229 24 6 5 1
1490 1527 2998 32 4 8 450
1962 2427 2780 7 3 2 30
1100 2248 2887 24 4 8 50
771 360 1620 37 5 8 154
2443 2400 899 4 9 1 11
1637 1071 1793 23 3 7 1
2937 103 542 15 4 6 23
2457 442 461 35 9 8 33
2400 2812 2067 14 5 3 138
1765 58 2905 54 9 8 9
1626 2965 1163 44 7 9 29
1309 1687 761 42 9 8 14
1902 1673 1878 16 5 3 2
742 1455 1742 34 7 6 31
974 209 998 46 9 9 23
334 1931 2845 26 4 9 15
368 632 1425 16 4 6 6
611 711 2745 15 5 3 309
1320 1731 2803 14 8 2 96
2044 2943 1054 46 7 9 56
1781 2855 417 53 9 6 548
84 2616 2370 16 4 6 40
2605 383 2325 20 6 5 46
85 2102 866 24 5 4 21
1991 2657 1980 11 4 6 9
797 2857 2299 34 7 5 114
2989 1786 1368 31 5 9 24
1739 1200 2357 16 5 4 34
1280 1640 761 13 3 6 6
2120 741 1768 28 9 7 17
64 1816 91 30 7 5 58
1919 227 1174 5 4 2 25
876 1954 2423 43 6 8 6
2859 1689 2411 21 7 5 33
2642 2287 217 28 6 9 3
213 2057 1105 50 8 9 37
268 1999 2256 17 4 6 46
2124 1677 2698 18 7 5 28
758 1770 8 4 2 2 862
628 2236 26 19 8 2 40
443 2312 1636 27 4 7 139
270 2278 1404 9 2 6 24
2171 2517 618 37 9 9 17
641 999 451 17 6 3 98
2189 2913 402 39 9 8 14
1866 361 411 13 7 2 216
1226 489 805 47 9 6 67
2848 1890 2915 24 7 4 126
215 406 1094 3 2 1 24
1921 486 375 6 1 5 37
736 958 315 3 1 6 4
1792 412 1652 45 8 7 57
2647 1940 2850 11 7 2 83
2225 1500 395 5 1 6 23
2943 1687 1700 2 2 2 3
1913 1963 2821 19 8 5 29
2928 928 1983 2 1 4 6
593 1965 2862 16 4 4 716
1098 2157 1977 38 9 5 40
2456 1360 2105 14 5 5 4
2019 1643 670 35 9 6 30
2437 2602 766 10 3 6 27
182 1224 1961 24 4 9 34
1029 1982 2508 2 1 2 371
1240 2429 525 36 7 8 32
466 140 137 45 8 9 23
720 37 2988 29 4 7 74
1866 2088 1995 32 8 4 456
2410 484 964 23 7 6 7
2936 32 1687 24 8 6 12
2325 96 94 16 6 6 7
75 2445 2581 29 3 9 18
1542 1810 1248 26 5 7 5
932 2396 1705 3 5 1 27
2349 745 2952 18 3 9 37
114 854 121 12 2 5 9
1957 261 1306 29 5 9 8
240 1076 2547 34 6 7 27
1070 1828 162 10 6 3 33
1503 2158 2264 36 9 7 39
451 1110 2275 39 4 9 34
1687 2202 408 21 5 8 12
1200 1203 2487 78 9 9 48
62 806 581 17 8 2 58
2503 2948 2785 24 5 6 11
2654 1654 2313 6 7 1 15
694 641 313 22 9 3 81
91 2574 2257 6 1 5 16
372 1934 319 7 2 3 50
2659 453 0 29 8 4 144
2916 644 2021 30 5 9 27
2011 579 982 26 5 9 26
332 861 632 37 6 9 2
1651 502 1716 28 5 8 32
2840 382 1695 7 1 9 74
2692 834 1744 9 9 1 402
307 1120 154 22 7 5 4
470 239 211 48 6 8 748
1030 1836 2339 47 9 9 36
523 2128 2931 12 4 6 26
2323 1403 2942 30 8 6 33
60 1124 796 11 2 9 17
1440 2027 2043 11 9 2 20
644 1403 2736 17 6 4 46
170 661 632 9 1 8 19
821 343 2079 73 8 9 48
1209 1053 431 33 4 8 27
535 886 1243 11 2 7 53
1387 785 2316 26 6 9 25
2708 651 2184 27 5 9 33
214 1673 701 44 9 8 22
2630 2811 2700 18 3 7 120
2394 2325 1057 27 9 3 685
1588 1992 2530 16 8 2 112
521 819 1287 38 7 6 55
1111 962 2463 24 7 5 17
554 528 1033 36 9 7 17
2875 2404 2885 12 4 6 32
498 24 2164 38 9 5 47
2541 265 317 20 4 5 709
1814 1538 2998 34 4 9 254
693 828 2156 41 9 7 19
1505 2829 746 32 6 5 11
846 424 1758 10 2 9 7
1221 1867 271 26 4 8 6
1819 2928 196 13 9 3 10
1997 2521 1209 11 3 5 61
48 2561 1834 5 1 7 42
720 2568 708 8 3 2 9
2565 1007 1478 11 6 2 138
956 1508 1022 7 1 8 120
1396 1236 484 50 8 9 24
498 56 1119 21 2 9 39
707 2158 1533 29 6 5 315
263 2656 733 33 6 6 110
2783 2600 2426 26 4 9 52
27 1127 1607 57 6 8 29
549 2102 1287 46 9 6 87
446 36 1108 6 1 8 50
442 177 2534 58 9 7 141
1591 980 703 14 4 7 11
1854 1282 629 19 8 4 42
216 1901 2020 14 2 9 58
298 1836 2173 51 6 8 54
1655 1024 815 46 5 9 35
2381 1100 2107 12 2 9 33
1812 1886 104 12 9 2 51
26 1489 1015 29 5 7 32
124 570 21 10 8 1 48
334 1630 1173 30 5 7 72
1994 2758 27 35 7 7 21
2817 2725 2417 15 4 4 172
339 527 1979 8 6 1 2
780 1205 2694 20 6 3 6
1052 876 2400 49 7 8 53
2804 2482 1353 27 8 6 20
2082 2978 2908 19 5 8 14
2315 2980 1975 8 4 4 35
793 684 933 40 6 9 58
1028 1596 2282 6 5 2 4
478 53 690 26 5 8 15
346 71 2921 35 6 7 47
277 1898 2143 23 5 6 51
44 1601 489 14 9 2 41
2502 1739 904 18 2 9 158
2078 1116 2574 10 3 4 86
2913 1782 697 9 4 4 13
940 1685 1224 15 4 5 55
2759 1927 1038 31 9 5 28
2015 686 2292 35 6 6 407
1845 2527 1207 44 8 7 58
844 2521 1122 31 8 7 13
23 2293 1335 19 2 9 12
919 2117 2373 53 7 8 3
1833 1874 2822 8 8 1 586
1546 2092 1718 9 5 3 4
2471 689 2454 26 7 7 32
969 1910 1336 35 8 5 82
544 984 1139 14 4 6 12
1888 1769 701 3 1 4 46
2054 341 2284 10 4 5 7
1545 2868 936 43 6 8 86
1703 1728 1646 25 9 3 208
1001 862 515 12 6 2 375
779 2584 1451 2 1 2 396
634 2259 2401 13 5 5 16
1400 575 735 47 7 8 9
924 1723 2131 52 9 6 169
175 683 637 67 9 6 10
522 1805 234 22 4 7 67
435 1462 399 28 4 9 44
2776 2425 2231 28 7 8 17
1982 2656 1468 22 9 3 63
295 288 2529 37 7 8 18
1260 2810 755 71 8 9 323
1196 1634 349 8 8 2 20
439 507 652 41 7 7 31
2097 808 843 13 5 4 32
384 450 1658 28 6 6 27
614 309 1055 15 3 4 23
1534 1661 896 22 4 8 19
2380 635 439 30 8 4 145
856 762 854 30 5 7 63
1790 550 2325 24 7 5 25
1752 612 1087 57 9 8 68
2372 2285 465 37 8 9 35
954 905 1852 17 8 2 22
1331 851 1709 5 2 3 79
934 2577 338 6 2 6 13
855 1232 8 42 9 6 62
2846 219 1850 14 6 3 81
532 2310 968 13 9 2 2
329 1661 2797 62 8 7 11
282 571 1161 15 7 2 40
1095 1568 2940 57 9 8 25
786 2210 713 42 6 7 235
2515 793 2366 33 5 9 18
549 2536 57 61 9 8 27
1215 290 343 43 9 8 14
423 110 544 15 4 5 52
1408 1334 2647 36 9 6 46
1899 1999 1367 40 7 6 63
2823 2459 2131 29 7 9 27
2426 119 2355 22 4 9 17
1689 2448 2995 43 8 6 41
2303 2469 1484 11 8 3 20
2651 2717 400 27 8 4 77
436 2218 1646 41 5 7 6
1758 1879 2612 17 3 8 7
2432 2511 670 17 5 6 18
130 148 1263 45 7 5 2
64 2576 586 49 7 8 20
674 2631 1151 49 8 9 27
1788 1775 2323 32 8 7 2
1738 120 1592 38 9 9 12
813 178 1258 37 5 9 37
2381 2758 2316 14 2 7 278
253 1009 1644 13 6 3 22
2433 219 1348 22 7 7 6
498 95 1082 45 6 9 79
2821 45 2479 26 6 7 11
756 70 286 7 1 7 195
1074 1759 1956 28 7 8 18
1822 990 2511 26 5 6 70
2083 316 1099 18 3 9 3
1968 1460 2807 10 3 5 52
365 2089 687 20 8 4 20
1720 1628 246 47 6 8 418
772 1402 35 25 5 9 16
410 461 1841 6 9 1 8
317 919 159 44 8 6 103
2412 1530 1866 17 4 9 24
1436 1930 1533 6 1 8 69
1216 2859 1873 12 7 2 111
458 1340 1072 38 7 6 33
950 505 1545 48 9 7 62
2565 48 1959 7 2 4 64
1301 679 1875 44 8 8 38
1003 1691 1217 10 5 4 4
1819 423 2193 40 9 6 45
779 960 2485 6 1 5 4
865 2231 1672 8 3 2 15
2373 2631 882 30 8 5 74
174 2737 2950 26 3 8 12
535 1381 1325 5 1 6 61
5 479 315 15 2 8 90
2033 2336 2196 31 6 9 3
1310 2093 2294 20 3 9 25
2249 785 1350 23 4 7 2
716 846 2966 27 8 5 38
2003 783 252 4 4 2 26
204 339 1044 35 9 3 25
423 296 2280 39 8 5 33
1512 447 548 43 9 6 28
625 2759 552 18 3 6 458
1391 1211 499 29 9 6 5
793 5 679 7 1 9 10
2359 2085 2762 27 5 6 17
2028 757 1955 25 6 9 12
167 178 195 33 3 9 5
1988 2828 633 30 5 6 546
2477 2419 415 20 5 7 14
445 1168 1166 56 6 9 19
103 996 2370 7 3 4 19
565 2145 1095 33 8 4 146
799 645 51 61 8 9 7
2814 2152 838 33 9 7 4
1190 1556 2012 53 9 8 59
1863 801 1511 11 5 2 2
1332 2982 1141 61 8 8 270
2706 50 883 32 8 7 12
212 1144 1797 31 5 5 21
379 2179 65 47 9 7 20
839 2166 1224 39 7 9 39
226 1895 2269 78 8 9 18
2683 2199 1517 26 5 5 2
2330 1310 1889 23 3 9 13
275 2391 1409 45 7 8 7
867 1425 1347 15 6 3 74
895 2742 2381 25 5 9 28
1877 255 2354 7 6 2 3
