97
5
1
4275
778
491710
903
1882
1457
1889
1432
1887
1616
1859
1651
1822
1650
1883
1638
1870
1717
1826
1724
1864
1738
1860
1751
1849
1774
1847
1752
1862
1781
1865
1736
1869
1803
1823
1819
1850
1806
1885
1801
1854
1808
1868
1800
1859
1806
1824
1818
1853
1828
1864
1788
1857
1806
1857
1798
1837
1792
1844
1792
1840
1814
1872
1806
1842
1801
1846
1841
1811
1831
1861
1847
1835
1844
1841
1831
1843
1832
1838
1808
1835
1803
1841
1823
1856
1810
1856
1843
1837
1819
1841
1827
1866
1827
1863
1829
1839
1848
1834
1820
1853
1831
1813
1823
1834
1829
1850
1829
1814
1839
1854
1823
1840
1816
1839
1829
1852
1823
1862
1824
1856
1820
1841
1806
1844
1801
1847
1823
1832
1818
1832
1830
1841
1835
1854
1842
1826
1826
1854
1842
1842
1826
1825
1824
1829
1810
1876
1840
1835
1836
1852
1836
1853
1827
1844
1841
1846
1829
1847
1833
1846
1849
1851
1829
1861
1833
1843
1833
1872
1828
1803
1824
1860
1832
1841
1822
1861
1851
1855
1849
1827
1818
1828
1830
1840
1846
1852
1835
1847
1828
1850
1853
1837
1838
1837
1841
1847
1838
1867
1829
1829
1847
1843
1819
1845
1836
1847
1842
1829
1847
1845
1845
1845
1838
1849
1846
1847
1841
1848
1834
1854
1854
1842
1828
1843
1833
1849
1836
1821
1840
1852
1824
1839
1838
1824
1825
1855
1827
1824
1839
1818
1847
1847
1818
1862
1826
1831
1828
1842
1834
1831
1837
1855
1848
1841
1835
1848
1833
1866
1852
1853
1843
1831
1846
1861
1842
1838
1827
1833
1836
1855
1847
1854
1847
1844
1841
1851
1827
1834
1834
1810
1836
1829
1834
1833
1847
1821
1839
1841
1864
1824
1833
1847
1848
1837
1833
1854
1851
1839
1846
1846
1815
1814
1850
1834
1822
1848
1832
1837
1844
1855
1843
1807
1836
1833
1833
1828
1839
1841
1873
1845
1837
1861
1842
1826
1840
1847
1823
1853
1863
1846
1843
1837
1822
1842
1830
1823
1853
1835
1847
1845
1851
1857
1845
1841
1842
1851
1840
1848
1841
1861
1828
1847
1845
1843
1835
1826
1834
1825
1841
1845
1841
1820
1839
1837
1843
1819
1834
1858
1830
1817
1856
1827
1860
1864
1856
1849
1837
1851
1844
1835
1842
1831
1850
1850
1836
1852
1858
1850
1855
1849
1833
1844
1834
1842
1850
1849
1851
1833
1828
1834
1838
1831
1842
1804
1845
1822
1819
1847
1811
1851
1864
1847
1849
1846
1833
1834
1819
1836
1839
1855
1842
1856
1848
1834
1813
1860
1832
1843
1847
1855
1855
1856
1842
1839
1835
1834
1850
1847
1842
1833
1829
1846
1829
1836
1837
1834
1837
1846
1843
1839
1847
1845
1823
1842
1844
1826
1830
1847
1833
1835
1840
1850
1832
1849
1859
1834
1840
1823
1839
1838
1835
1821
1847
1858
1806
1827
1845
1849
1855
1846
1835
1842
1838
1856
1835
1835
1840
1843
1825
1857
1868
1853
1862
1834
1813
1851
1833
1838
1826
1858
1806
1858
1845
1837
1851
1836
1838
1834
1851
1819
1831
1840
1842
1837
1847
1852
1844
1855
1840
1858
1855
1811
1845
1856
1835
1856
1832
1829
1852
1824
1812
1857
1846
1841
1838
1855
1840
1849
1857
1848
1849
1843
1866
1831
1836
1833
1822
1840
1847
1831
1841
1862
1854
1854
1864
1822
1830
1840
1855
1826
1833
1835
1834
1823
1834
1846
1839
1840
1851
1854
1846
1855
1858
1839
1843
1854
1837
1845
1835
1837
1837
1836
1856
1844
1841
1833
1835
1855
1839
1829
1837
1843
1830
1836
1838
1848
1850
1836
1855
1853
1842
1844
1837
1848
1850
1850
1858
1842
1821
1824
1857
1852
1843
1848
1839
1843
1846
1849
1855
1854
1848
1846
1852
1839
1834
1861
1809
1845
1853
1851
1840
1809
1832
1854
1830
1844
1815
1843
1838
1842
1844
1849
1832
1833
1842
1852
1846
1842
1845
1829
1837
1841
1849
1844
1842
1829
1810
1822
1838
1834
1852
1830
1841
1846
1839
1851
1835
1831
1832
1850
1853
1832
1823
1847
1832
1849
1851
1859
1834
1842
1835
1843
1854
1848
1846
1859
1835
1837
1845
1857
1827
1864
1833
1837
1833
1842
1827
1816
1835
1857
1847
1846
1829
1842
1819
1868
1817
1858
1843
1815
1853
1850
1839
1841
1854
1852
1849
1851
1835
1845
1838
1848
1835
1849
1849
1845
1863
1842
1833
1855
1843
1845
1852
1854
1844
1853
1854
1844
1845
1817
1844
1850
1836
1846
1845
1826
1854
1848
1843
1826
1811
1835
1821
1848
1846
1838
1826
1840
1850
1863
1832
1841
1867
1844
1843
1852
1829
1824
1831
1849
1856
1834
1828
1869
1842
1854
1831
1852
1837
1834
1845
1845
1829
1842
1839
1845
1848
1835
1831
1836
1846
1831
1832
1847
1852
1830
1854
1851
1833
1845
1845
1844
1849
1860
1841
1851
1854
1847
1831
1838
1847
1828
1847
1821
1842
1846
1861
1825
1844
1851
1844
1817
1834
1836
1842
1857
1839
1843
1845
1864
1836
1854
1847
1859
1827
1845
1850
1834
1846
1847
1826
1833
1871
1831
1822
1841
1839
1826
1852
1828
1858
1862
1854
1832
1826
1836
1820
1844
1837
1841
1851
1828
1850
1842
1860
1854
1845
1841
1840
1843
1863
1847
1843
1863
1852
1836
1827
1835
1852
1823
1845
1849
1854
1862
1839
1822
1838
1855
1852
1858
1846
1837
1836
1842
1827
1868
1859
1843
1852
1849
1833
1839
1831
1838
1857
1838
1836
1848
1852
1837
1854
1844
1839
1850
1841
1829
1819
1860
1842
1846
1846
1849
1826
1838
1832
1847
1851
1850
1848
1860
1840
1842
1846
1848
1858
1826
1857
1829
1840
1816
1810
1827
1835
1846
1839
1845
1836
1848
1834
1837
1851
1829
1824
1845
1849
1841
1840
1832
1839
1846
1823
1828
1838
1838
1826
1835
1848
1827
1843
1833
1833
1871
1833
1838
1856
1834
1850
1856
1843
1831
1850
1857
1824
1846
1848
1858
1846
1842
1847
1866
1841
1822
1856
1844
1845
1836
1842
1840
1864
1838
1836
1000
999
1000
2999
998
1998
1995
1000
2994
1992
3000
2994
3000
2000
2000
2000
5983
2000
4977
3000
1000
2999
2999
4995
1988
2997
5997
3000
3000
2973
3000
2000
2997
1995
3985
2995
1000
2997
4990
2000
4922
3985
6000
4000
2972
4929
4997
5999
2000
3997
4000
1000
2000
3967
2998
4986
1000
6000
6979
6987
2000
5000
1993
2000
3997
6966
3000
3976
1000
4995
4977
7911
3997
3000
3000
3999
3000
5000
5000
6913
3000
2000
3959
3958
6000
6000
5863
5000
6917
7943
3996
4000
5000
5988
4000
7946
3989
3000
4948
3000
4000
3954
5000
5996
6000
5000
2959
3000
3991
5000
6963
7000
7844
3924
5924
4895
5961
5000
5967
4984
6835
3954
7862
4000
4864
6831
9000
3000
5000
4996
3920
5836
5000
4000
6996
3000
5856
6955
3993
5932
3903
3000
6000
6911
5000
6871
4000
11791
4000
5985
6000
4000
5783
5000
9000
5932
6999
9000
4998
6913
7929
10691
8000
5992
4999
4930
7894
9721
9884
5000
5947
8808
3950
6922
6957
5000
6934
10983
4000
4000
8783
4990
6992
3000
1999
8905
5000
2000
5909
5930
8952
7000
3942
7934
5000
4000
7000
10931
6972
6000
4836
6839
4000
4828
6000
7947
4875
5000
3983
5901
6919
3913
3816
3937
5000
1000
7924
4793
1969
6860
8880
4954
5000
4000
9993
4911
4983
4000
5000
5863
8900
9990
5922
8962
7833
6999
2000
5913
4938
7000
4957
5000
8927
3000
5000
4000
4000
5993
7773
2979
4605
7000
4782
6893
4000
6978
7844
4000
4000
5983
4984
5000
10911
4806
6913
5000
6959
2920
5806
4896
6959
8782
5953
10481
4960
5979
6777
6000
4936
6000
2000
4932
4928
7837
5799
9639
8888
6781
4971
6894
5000
6000
3000
3690
5901
8992
3000
7000
6000
1000
5000
5939
5000
2000
8553
10622
5850
4898
5997
4000
5818
4000
4000
6944
8952
7000
2922
6930
6000
4998
4765
7000
9632
6779
3936
7891
8000
7000
4000
5000
4893
7788
6790
8691
6000
4573
9000
4941
8667
5844
5969
4742
2888
7971
5000
7794
4847
1000
6865
6925
8000
9789
3000
9685
8984
7773
6790
6000
6661
3919
6758
6000
5619
5000
8000
4708
7000
5000
5000
4997
6000
4996
3948
12000
7929
13711
7900
6832
4000
9305
4000
6995
4000
7261
7000
5982
4946
3978
8400
8000
8000
6000
6793
5854
11995
7650
6613
6612
6950
4928
8000
4000
4859
3000
6740
6775
4738
7993
5677
7801
7000
6987
4000
10387
3868
7755
4703
7806
4977
7874
8435
1000
7959
8817
5000
4000
4000
6997
4000
3000
5000
10000
9718
6000
6000
4000
8685
6966
5838
5000
3000
7406
7483
3770
4624
7000
3000
6000
8625
6000
5000
7000
8000
8000
5000
3954
4000
4677
3926
11935
7509
5000
5000
6000
3000
3972
7708
7000
9989
10988
8372
7649
7000
7687
11000
4000
6000
8313
3677
5988
4000
9515
5942
5806
7663
9709
7000
7491
5000
8000
7977
6000
4586
6000
5747
7000
5939
6898
7000
8966
8814
8284
4948
8000
3780
6998
8594
5000
4000
6929
7933
6604
4918
12824
5730
5000
6000
10674
7000
4749
4558
8000
3000
8000
4000
4845
3747
6000
6767
5000
5586
2583
6827
4966
6743
7997
7000
7000
6957
5772
9982
10526
8000
10000
8683
7699
3000
5000
5877
6780
4000
7424
5975
6866
7000
6000
6630
8000
4982
3000
3000
5979
7458
6000
5996
8657
3954
5476
10000
4863
10278
5000
9285
8000
5000
6872
7632
7883
5593
4000
6799
5804
4787
7067
7942
4000
4000
7000
3000
6480
8864
3000
8479
9640
6645
8000
9000
9771
6000
4769
4970
4693
6789
10838
8000
4000
5000
7564
5000
3642
8991
3534
9301
3794
9698
9879
6912
8981
6000
7000
6562
4864
9619
6528
7000
7879
6000
8000
7000
10304
5000
5429
4984
6000
5995
4000
3600
9898
4650
7000
9602
6000
5712
7656
9407
13853
1784
5000
9631
7000
5801
3690
5000
6000
7219
8962
8499
5880
6000
9102
6582
7842
7000
7392
7000
4000
6219
6925
8535
10795
7000
8775
9000
9958
4404
10766
7439
7000
8500
2000
8901
6000
5771
4768
6927
3000
5608
4000
6206
6983
6000
9736
4000
3000
5000
4592
7706
8000
9644
4000
10999
8727
5321
9433
5391
4972
7741
4713
6531
6884
6805
8574
6000
6933
7775
8829
8000
4463
15862
6000
5000
7000
8288
6891
3541
6669
6631
9790
12831
6468
7000
6000
4000
8346
5770
13842
9206
7000
6588
8732
5758
8923
5505
6000
7215
4000
5000
5000
5879
5788
6000
7871
7926
8624
10371
8314
7818
11697
7000
4000
6650
1774
5598
8000
7000
3000
5000
10188
7605
5000
3000
8655
9000
6546
9000
4625
6000
4617
7000
10000
5000
7732
5000
5000
3806
9524
7197
9274
8000
5738
6792
3740
7749
12000
9348
4000
2000
5000
3812
6000
6000
11959
5406
9282
6000
6807
7954
9782
10921
10000
10000
9472
8577
5000
8172
7000
9422
7398
4597
8584
4738
6000
8000
7000
8840
8656
6833
9000
4000
6000
2460
6000
7000
5000
3169
6138
8447
7000
4920
9771
3626
5000
5556
6309
6000
5000
6000
9000
7000
4000
6165
3000
7653
8930
4938
7490
6976
8000
4000
5871
7686
3643
6493
7615
6862
5395
5874
9000
12132
9468
5866
6000
2000
6000
7910
7902
9325
7457
8684
6346
10504
6828
8469
7801
2000
9000
7000
9370
3651
5142
4932
9298
7882
6000
6000
7207
6000
8990
5754
8535
6948
5000
4898
10683
8878
7000
10941
6928
7296
4629
5382
3250
6989
4000
7818
7059
8748
10000
8000
6000
7946
6000
9000
7941
6608
6600
2000
9787
7000
7907
10772
3530
8828
5733
4000
7744
10702
7000
5000
10000
4097
5000
8000
3361
6000
3000
3000
9790
5288
10000
5000
6894
5000
9000
8263
9355
6744
6474
11000
6222
6000
6611
9820
5388
4475
6861
5000
9388
7506
6000
4492
7928
6916
4000
4863
6337
4000
7026
8538
6000
6977
11361
9514
7000
4690
7000
6000
4206
6958
10000
6000
13000
8475
5000
6333
7000
9000
7710
5000
6992
