189049825
57494136
185022596
104921560
99003
40025476
56368785
5106249
62208309
41868274
22862594
72497214
94401157
56943274
107656891
39495161
33622224
192148647
189581314
116351516
16437737
26929658
75759631
17738928
84469187
167629472
50119426
8514910
118186172
14724813
1126346
16852275
7737258
95285047
90568850
4686849
2446972
98536897
77195034
80010346
24077261
80308522
12013142
37164171
1147171
41353700
11316385
2518350
3791416
33227751
11373594
81645068
133770179
20388497
43427192
6330101
159598532
4858940
143406550
2629553
142242936
78819281
176855546
142797549
75082141
113346337
1046968
4093181
79435985
60557027
38513761
80545949
180060050
22351554
98681810
211735432
93441039
79768504
34351065
52402308
118290838
7221461
80912
23731048
40791704
203446183
18969576
1272150
26643073
148260531
50576821
40196719
53492892
133035333
52741651
2585022
69275493
30980386
3075657
138952880
94303281
182830712
133031588
40552632
1660197
45612556
61512178
138205037
60848231
28115362
10363205
22787376
9313597
93608833
1769334
47168325
25164391
44201225
15304389
5078897
30479076
76928834
11977010
96409093
7126232
34607888
5585329
26699468
16580308
160307929
10412885
91855575
46828508
18710188
10756033
53347675
8404367
118126403
8943645
81257328
16236912
109096408
138766218
30807376
96890534
16320575
12062362
103508157
179261626
48348269
146361996
86801978
69131087
29379290
55744534
60475379
65213572
15458193
93296996
70608827
3669563
102665065
107575922
52307615
26181228
40277601
76064999
137776905
39130499
32746363
26695280
25882568
43316144
4513577
10209361
26291296
82098063
109079887
54210478
104636666
2505996
15860075
209070233
70478452
9296168
95237804
84379022
53728610
25870447
93968563
204057215
117441689
35556337
3145103
9110771
27236482
6837116
883191
4998584
136720045
110374903
15236518
3332350
3541175
55430471
46897514
2637263
147374485
193599634
12043137
69568291
104619989
22098007
30735934
23162305
31464012
165047727
116702607
3627430
5433611
46750464
23391651
81959947
191446692
133623361
27744776
22415800
31272021
135217263
67549399
122400306
54858493
179648670
214496910
31086124
220940613
2043274
18804429
204344966
20145678
171131655
52760089
69739457
15309644
3781274
119431424
28065117
74175810
126787738
26599208
48064464
34943695
211241979
30623279
50257190
131192181
53593408
44479529
5798495
74195331
132144215
93710835
166107306
90266769
7342843
89537716
187586822
13018755
53948435
20250445
78184919
6026742
131340295
74697623
40507110
29720507
111920922
90718254
107058334
199859948
34111891
65168941
12447927
47816373
14098604
76229979
3879422
24789938
85854271
110498029
10184046
132290660
21598656
3252464
55174756
65859638
46687831
95448268
20694486
17332335
